fattening_day,doy,rad,mint,maxt,vpr,wind,rain,aha,okta,growth_start_date,growth_date,tbw_kg,genetic_potential_tbw_kg,feed_intake_kg_dm_day,feed1_available_kg_dm_day,feed2_available_kg_dm_day,feed3_available_kg_dm_day,feed4_available_kg_dm_day,beef_production_kg,beef_event_kg,me_uptake_mj_day,heat_production,genotype,heat_stress,cold_stress,digestion_cap,energy,protein,scale,breed,diet,sex_animal,housing,case_id
1,1,0.0,6.8714129999999995,15.261068999999999,0.6175678242271376,0.3018402777777778,2.64,1.3,1.0,2015-01-01,2015-01-01,43.0,43.0,0.0,0.0,0.0,0.0,0.0,16.125,0.0,0.0,9.0,0.0,4.5,3.5,0.0,0.0,0.0,1,6,4,0,0,1
2,2,0.0,8.786819999999999,15.850425000000001,0.6820145906830116,0.37164930555555553,2.64,1.3,1.0,2015-01-01,2015-01-02,43.41788637866393,46.736070979478086,0.0,0.0,0.0,0.0,0.0,16.501097740797533,0.0,0.0,5.444553389175917,0.0,4.5,3.5,0.0,0.0,0.5,1,6,4,0,0,1
3,3,0.0,8.483475,14.429037000000001,0.6370365638516057,0.3863454861111111,2.64,1.3,2.0,2015-01-01,2015-01-03,44.397444830920385,47.90159255241451,0.0,0.0,0.0,0.0,0.0,16.80928930678048,0.0,0.0,5.612673742387015,0.0,4.5,3.5,0.0,0.0,0.5,1,6,4,0,0,1
4,4,0.0,5.8032052499999995,13.267658999999998,0.5461247194441231,0.4787413194444444,2.962916666666666,1.3,4.0,2015-01-01,2015-01-04,45.402068714971385,49.06909675724984,0.0,0.0,0.0,0.0,0.0,17.128943408416433,0.0,0.0,5.754822789869088,0.0,0.0,3.5,0.0,0.0,0.5,1,6,4,0,0,1
5,5,0.0,5.155347,13.137654,0.5291780697313748,0.5562847222222222,3.84,1.3,0.0,2015-01-01,2015-01-05,46.427656387120926,50.23857159271273,0.0,0.0,0.0,0.0,0.0,17.458871113293174,0.0,0.0,5.775783778362493,0.0,0.0,3.5,0.0,0.0,0.5,1,6,4,0,0,1
6,6,0.0,5.831372999999999,16.925133,0.6331001256325715,1.227230902777778,3.84,1.3,1.0,2015-01-01,2015-01-06,47.465567933600866,51.41000502965602,0.0,0.0,0.0,0.0,0.0,17.796359953589683,0.0,0.0,5.798650524739202,0.0,0.0,3.5,0.0,0.0,0.5,1,6,4,0,0,1
7,7,0.0,10.57005525,16.881798,0.761434474608906,1.937769097222222,3.4058333333333333,1.3,2.0,2015-01-01,2015-01-07,48.51286738890145,52.58338501157954,0.0,0.0,0.0,0.0,0.0,18.14047863761124,0.0,0.0,5.819907591102243,0.0,0.0,3.5,0.0,0.0,0.5,1,6,4,0,0,1
8,8,0.0,1.2985319999999998,10.546221,0.4056250611098692,0.8699565972222222,11.243333333333332,1.3,3.0,2015-01-01,2015-01-08,49.567496983828974,53.75869945515052,0.0,0.0,0.0,0.0,0.0,18.490558109558304,0.0,0.0,5.840120138188486,0.0,0.0,3.5,0.0,0.0,0.5,1,6,4,0,0,1
9,9,0.0,-1.5615780000000008,7.608108,0.3170712351359722,0.6678819444444444,10.08,1.3,4.0,2015-01-01,2015-01-09,50.62793056027825,54.93593625072424,0.0,0.0,0.0,0.0,0.0,18.846088600977456,0.0,0.0,5.8596876771742785,0.0,0.0,3.5,0.0,0.0,0.5,1,6,4,0,0,1
10,10,0.0,0.9865199999999996,7.729445999999999,0.3554517500098806,0.44681423611111115,10.08,1.3,5.0,2015-01-01,2015-01-10,51.69298906982917,56.11508326286332,0.0,0.0,0.0,0.0,0.0,19.20666501797964,0.0,0.0,5.878901349713048,0.0,0.0,3.5,0.0,0.0,0.5,1,6,4,0,0,1
11,11,0.0,0.8536259999999993,7.876785,0.3556701520856344,0.42745659722222223,10.08,1.3,4.0,2015-01-01,2015-01-11,52.76173306391295,57.296128330855595,0.0,0.0,0.0,0.0,0.0,19.571955171418047,0.0,0.0,5.897977891089338,0.0,0.0,3.5,0.0,0.0,0.5,1,6,4,0,0,1
12,12,0.0,-1.0328910000000011,11.256915,0.378904187554298,0.6266493055555555,10.08,1.3,0.0,2015-01-01,2015-01-12,53.833395692983416,58.479059269231584,0.0,0.0,0.0,0.0,0.0,19.941679971813034,0.0,0.0,5.91708109334378,0.0,0.0,3.5,0.0,0.0,0.5,1,6,4,0,0,1
13,13,0.0,2.9192609999999997,15.096396000000002,0.5232489955055005,0.21719618055555556,10.08,1.3,0.0,2015-01-01,2015-01-13,54.907338719684006,59.66386386828077,0.0,0.0,0.0,0.0,0.0,20.315600396781416,0.0,0.0,5.936336039079563,0.0,0.0,3.5,0.0,0.0,0.5,1,6,4,0,0,1
14,14,0.0,5.155347,14.819052,0.5664087089579074,0.6238107638888889,10.08,1.3,3.0,2015-01-01,2015-01-14,55.9830224144691,60.85052989456642,0.0,0.0,0.0,0.0,0.0,20.693508533032972,0.0,0.0,5.955838902183479,0.0,0.0,3.5,0.0,0.0,0.5,1,6,4,0,0,1
15,15,0.0,6.810744,13.475667,0.573565964064009,1.354392361111111,9.3425,1.3,4.0,2015-01-01,2015-01-15,57.05998423904996,62.0390450914399,0.0,0.0,0.0,0.0,0.0,21.075221193980862,0.0,0.0,5.975663901030281,0.0,0.0,3.5,0.0,0.0,0.5,1,6,4,0,0,1
16,16,0.0,7.22676,14.186361000000002,0.6000799996975077,0.7060416666666667,5.574999999999999,1.3,2.0,2015-01-01,2015-01-16,58.13782331785499,63.229397179553075,0.0,0.0,0.0,0.0,0.0,21.46057523361302,0.0,0.0,5.995868352683633,0.0,0.0,3.5,0.0,0.0,0.5,1,6,4,0,0,1
17,17,0.0,5.2983525,13.276326,0.5352603759542941,0.5018663194444444,4.324999999999999,1.3,4.0,2015-01-01,2015-01-17,59.21618885062367,64.42157385737073,0.0,0.0,0.0,0.0,0.0,21.849424016900645,0.0,0.0,6.016496420894235,0.0,0.0,3.5,0.0,0.0,0.5,1,6,4,0,0,1
18,18,0.0,2.43463125,10.858233,0.4308952561804913,0.806484375,3.249166666666667,1.3,2.0,2015-01-01,2015-01-18,60.29477128558394,65.6155628016802,0.0,0.0,0.0,0.0,0.0,22.241634702545632,0.0,0.0,6.037581942228414,0.0,0.0,3.5,0.0,0.0,0.5,1,6,4,0,0,1
19,19,0.0,1.6538789999999999,10.624224,0.413046128528579,0.8988975694444444,3.3600000000000003,1.3,1.0,2015-01-01,2015-01-19,61.373295474006596,66.81135166810117,0.0,0.0,0.0,0.0,0.0,22.637086111213815,0.0,0.0,6.05915058722398,0.0,0.0,3.5,0.0,0.0,0.5,1,6,4,0,0,1
20,20,0.0,1.8792209999999994,11.274249,0.4284036901817853,0.25059895833333334,3.3600000000000003,1.3,2.0,2015-01-01,2015-01-20,62.451515277379976,68.00892809159382,0.0,0.0,0.0,0.0,0.0,23.03566702539063,0.0,0.0,6.081221532917526,0.0,0.0,3.5,0.0,0.0,0.5,1,6,4,0,0,1
21,21,0.0,2.5899149999999995,14.264364,0.4990527161007499,0.53375,3.3600000000000003,1.3,1.0,2015-01-01,2015-01-21,63.52920925960667,69.20827968696511,0.0,0.0,0.0,0.0,0.0,23.43727481383425,0.0,0.0,6.103808770541269,0.0,0.0,3.5,0.0,0.0,0.5,1,6,4,0,0,1
22,22,0.0,5.7187019999999995,13.423665,0.5477062496291808,0.5998350694444444,3.3600000000000003,1.3,5.0,2015-01-01,2015-01-22,64.60617720315295,70.40939404937455,0.0,0.0,0.0,0.0,0.0,23.841814304494477,0.0,0.0,6.126922137008192,0.0,0.0,3.5,0.0,0.0,0.5,1,6,4,0,0,1
23,23,0.0,3.3872789999999995,11.976276,0.4694452143451774,0.9987673611111112,3.3600000000000003,1.3,1.0,2015-01-01,2015-01-23,65.68223726019252,71.6122587548382,0.0,0.0,0.0,0.0,0.0,24.24919685064567,0.0,0.0,6.150568134747012,0.0,0.0,3.5,0.0,0.0,0.5,1,6,4,0,0,1
24,24,0.0,2.9279279999999996,10.390215,0.4313484635933993,0.5646354166666667,3.3600000000000003,1.3,2.0,2015-01-01,2015-01-24,66.75722359964048,72.8168613607317,0.0,0.0,0.0,0.0,0.0,24.659339549406102,0.0,0.0,6.109413754905301,0.0,0.0,3.5,0.0,0.0,0.5,1,6,4,0,0,1
25,25,0.0,3.1272689999999996,12.452961,0.4736498847871605,0.33623263888888894,3.3600000000000003,1.3,2.0,2015-01-01,2015-01-25,67.83211998164572,74.02318940629118,0.27976535744276143,0.18184748233779494,0.0979178751049665,0.0,0.0,25.045704431535658,0.0,3.1901303690528318,6.500836412351452,0.0,0.0,3.5,0.0,0.0,0.5,1,6,4,0,0,1
26,26,0.0,5.224683,13.753011,0.5440699821682798,0.7782899305555556,3.3600000000000003,1.3,4.0,2015-01-01,2015-01-26,68.96579604585453,75.23123041311374,0.2866640849814966,0.1863316552379728,0.1003324297435238,0.0,0.0,25.402392533223146,0.0,3.268795720725769,6.51340842157817,0.0,0.0,3.5,0.0,0.0,0.5,1,6,4,0,0,1
27,27,0.0,6.238721999999999,14.905722,0.5936612379565486,0.5299565972222222,3.3600000000000003,1.3,4.0,2015-01-01,2015-01-27,70.10068362317752,76.44097188565559,0.292787132120268,0.19031163587817423,0.10247549624209379,0.0,0.0,25.76216086361705,0.0,3.3598188720935616,6.523029067226562,0.0,0.0,3.5,0.0,0.0,0.5,1,6,4,0,0,1
28,28,0.0,6.1347179999999994,14.264364,0.5761700559730059,0.95,6.108333333333333,1.3,7.0,2015-01-01,2015-01-28,71.23640912352886,77.65240131172942,0.2965410139405821,0.19275165906137837,0.10378935487920371,0.0,0.0,26.124813440599016,0.0,3.4028957754129308,6.525598012325796,0.0,0.0,3.5,0.0,0.0,0.5,1,6,4,0,0,1
29,29,0.0,8.630813999999999,15.347739,0.6645174699512197,0.999227430555556,4.32,1.3,7.0,2015-01-01,2015-01-29,72.37215695428135,78.86550616299996,0.30068911572088497,0.19544792521857524,0.10524119050230973,0.0,0.0,26.490013194084835,0.0,3.4504964692818865,6.5281998229625104,0.0,0.0,3.5,0.0,0.0,0.5,1,6,4,0,0,1
30,30,0.0,10.338213,14.281697999999999,0.6815489942402565,1.0554600694444443,6.418333333333333,1.3,4.0,2015-01-01,2015-01-30,73.50804394934883,80.08027389547806,0.3052125970257977,0.19838818806676853,0.1068244089590292,0.0,0.0,26.857909302952283,0.0,3.50240475413631,6.530869075239396,0.0,0.0,3.5,0.0,0.0,0.5,1,6,4,0,0,1
31,31,0.0,6.4987319999999995,14.758382999999998,0.5963455711133926,1.107734375,28.85375,1.3,2.0,2015-01-01,2015-01-31,74.64415123773891,81.29669195001316,0.31009226446655763,0.20155997190326247,0.10853229256329516,0.0,0.0,27.22859211604751,0.0,3.593315316540738,6.53375503420018,0.0,0.0,3.5,0.0,0.0,0.5,1,6,4,0,0,1
32,32,0.0,6.9147479999999995,15.278403,0.6190630288836136,0.5241840277777778,29.040000000000003,1.3,1.0,2015-01-01,2015-02-01,75.78044290788927,82.51474775278467,0.3153038905178406,0.2049475288365964,0.11035636168124419,0.0,0.0,27.601961459710907,0.0,3.6537070704155825,6.536844804025623,0.0,0.0,3.5,0.0,0.0,0.5,1,6,4,0,0,1
33,33,0.0,7.365432,16.491783,0.6613377961911532,0.6120225694444444,29.040000000000003,1.3,3.0,2015-01-01,2015-02-02,76.91688531147972,83.73442871579107,0.3208252781391742,0.20853643079046325,0.11228884734871097,0.0,0.0,27.97792407455934,0.0,3.71768830755617,6.540125996835218,0.0,0.0,3.5,0.0,0.0,0.5,1,6,4,0,0,1
34,34,0.0,9.176835,18.034509,0.7543437884444673,0.6677430555555556,29.040000000000003,1.3,3.0,2015-01-01,2015-02-03,78.05344681067804,84.95572223733785,0.3266360437575142,0.21231342844238424,0.11432261531512997,0.0,0.0,28.35639295853354,0.0,3.7850228253427662,6.5435867356409565,0.0,0.0,3.5,0.0,0.0,0.5,1,6,4,0,0,1
35,35,0.0,11.523425249999999,18.84054,0.852059682819204,1.1004600694444444,29.040000000000003,1.3,5.0,2015-01-01,2015-02-04,79.1900975617374,86.17861570252404,0.3327174287389731,0.21626632868033252,0.11645110005864057,0.0,0.0,28.737286788675394,0.0,3.8554932507732396,6.54721565047439,0.0,0.0,3.5,0.0,0.0,0.5,1,6,4,0,0,1
36,36,0.0,4.279979999999999,14.732382000000001,0.5448337376064113,1.135720486111111,7.721250000000001,1.3,2.0,2015-01-01,2015-02-05,80.3268093289184,87.40309648372642,0.3390521349077604,0.22038388769004427,0.11866824721771616,0.0,0.0,29.120529410267796,0.0,3.9288991344744866,6.55100186955481,0.0,0.0,3.5,0.0,0.0,0.5,1,6,4,0,0,1
37,37,0.0,4.522656,15.261068999999999,0.5620737041028031,0.7391059027777778,2.4000000000000004,1.3,0.0,2015-01-01,2015-02-06,81.4635553238305,88.62915194108263,0.34562418046157817,0.22465571730002581,0.12096846316155235,0.0,0.0,29.506049383887014,0.0,4.005055281065766,6.554935006897153,0.0,0.0,3.5,0.0,0.0,0.5,1,6,4,0,0,1
38,38,0.0,4.8,15.703085999999999,0.5785830791155798,0.9317274305555555,2.4000000000000004,1.3,6.0,2015-01-01,2015-02-07,82.60031006617548,89.85676942297243,0.3370871762261146,0.2191066645469745,0.11798051167914012,0.0,0.0,29.89377958246513,0.0,3.927993342609164,6.537921395052581,0.0,0.0,3.5,0.0,0.0,0.5,1,6,4,0,0,1
39,39,0.0,11.04024,16.743126,0.7713042031782075,1.594626736111111,4.187916666666667,1.3,7.0,2015-01-01,2015-02-08,83.73267809315404,91.0859362664973,0.34481164694244226,0.22412757051258747,0.12068407642985479,0.0,0.0,30.282165708902156,0.0,4.018004685931705,6.544532497882978,0.0,0.0,3.5,0.0,0.0,0.5,1,6,4,0,0,1
40,40,0.0,11.802935999999999,16.465782,0.7859569542673281,1.5727604166666667,5.870833333333334,1.3,6.0,2015-01-01,2015-02-09,84.86520116697888,92.31663979795815,0.35275227473295223,0.22928897857641894,0.12346329615653329,0.0,0.0,30.672681332892598,0.0,4.110534854081257,6.551333202758059,0.0,0.0,3.5,0.0,0.0,0.5,1,6,4,0,0,1
41,41,0.0,11.568926999999999,15.495078,0.750028695896142,1.6433854166666668,12.339166666666666,1.3,7.0,2015-01-01,2015-02-10,85.99786391266302,93.54886733333126,0.3608988950621021,0.23458428179036636,0.12631461327173574,0.0,0.0,31.06527486419543,0.0,4.20546540224367,6.558318653621033,0.0,0.0,3.5,0.0,0.0,0.5,1,6,4,0,0,1
42,42,0.0,12.140948999999999,15.001058999999998,0.752310443752916,1.3565017361111111,12.6225,1.3,7.0,2015-01-01,2015-02-11,87.13065229349502,94.78260617874298,0.3692419632385544,0.24000727610506037,0.12923468713349404,0.0,0.0,31.459897872700516,0.0,4.30268510849573,6.565483953463817,0.0,0.0,3.5,0.0,0.0,0.5,1,6,4,0,0,1
43,43,0.0,8.02195725,15.278403,0.6469165689241436,1.130980902777778,14.504583333333333,1.3,5.0,2015-01-01,2015-02-12,88.26355348839681,96.01784363094185,0.3777725005609451,0.24555212536461432,0.13222037519633076,0.0,0.0,31.85650484717326,0.0,4.402089346255142,6.572824180090494,0.0,0.0,3.5,0.0,0.0,0.5,1,6,4,0,0,1
44,44,0.0,7.460768999999999,15.174399000000001,0.6300532827773128,0.4865711805555556,16.799999999999997,1.3,0.0,2015-01-01,2015-02-13,89.39655578151334,97.25456697776946,0.38648204632734245,0.2512133301127726,0.13526871621456987,0.0,0.0,32.25505297637154,0.0,4.503579525058654,6.580334399423856,0.0,0.0,3.5,0.0,0.0,0.5,1,6,4,0,0,1
45,45,0.0,5.365521749999999,14.732382000000001,0.5692323167753089,0.6110850694444445,16.799999999999997,1.3,2.0,2015-01-01,2015-02-14,90.5296484625799,98.49276349862924,0.3953626149677221,0.2569856997290194,0.1383769152387027,0.0,0.0,32.65550195002643,0.0,4.607062591037395,6.588009676777787,0.0,0.0,3.5,0.0,0.0,0.5,1,6,4,0,0,1
46,46,0.0,4.982006999999999,13.423665,0.5316036357509248,0.663810763888889,16.799999999999997,1.3,2.0,2015-01-01,2015-02-15,91.66282173681977,99.73242046495363,0.40440665766510436,0.26286432748231786,0.1415423301827865,0.0,0.0,33.057813777510816,0.0,4.712450579697517,6.595845086439251,0.0,0.0,3.5,0.0,0.0,0.5,1,6,4,0,0,1
47,47,0.0,7.062087,11.421588,0.5332886142939034,0.4917708333333333,13.88583333333333,1.3,7.0,2015-01-01,2015-02-16,92.79606664329947,100.97352514066893,0.4136070279203157,0.2688445681482052,0.1447624597721105,0.0,0.0,33.46195262230192,0.0,4.819660214654879,6.602350158551886,0.0,0.0,3.5,0.0,0.0,0.5,1,6,4,0,0,1
48,48,0.0,7.330763999999999,14.099691,0.6004962057778098,0.6381684027777778,7.84375,1.3,4.0,2015-01-01,2015-02-17,93.92937569521683,102.21606478265892,0.4229569846086944,0.2749220399956514,0.148034944613043,0.0,0.0,33.867885801762164,0.0,4.928612943254082,6.607452045294976,0.0,0.0,3.5,0.0,0.0,0.5,1,6,4,0,0,1
49,49,0.0,6.92124825,14.94039,0.6109315455200022,0.7489149305555556,4.347916666666666,1.3,4.0,2015-01-01,2015-02-18,95.0627422078287,103.46002664122614,0.4324501337314711,0.28109258692545624,0.15135754680601488,0.0,0.0,34.275582660218,0.0,5.039234257811744,6.612588151161466,0.0,0.0,3.5,0.0,0.0,0.5,1,6,4,0,0,1
50,50,0.0,6.4900649999999995,11.863605,0.530482927673452,0.7565711805555555,8.301666666666668,1.3,6.0,2015-01-01,2015-02-19,96.19615946178041,104.70539796055101,0.4420803666414776,0.28735223831696044,0.15472812832451716,0.0,0.0,34.685013192729215,0.0,5.151452975775984,6.617752994651447,0.0,0.0,3.5,0.0,0.0,0.5,1,6,4,0,0,1
51,51,0.0,6.7450192499999995,11.707598999999998,0.5326171795500185,1.2383680555555554,8.0,1.3,6.0,2015-01-01,2015-02-20,97.32962131361242,105.95216597914958,0.4518418700335849,0.2936972155218302,0.1581446545117547,0.0,0.0,35.096149013602165,0.0,5.265201356142536,6.622941332527564,0.0,0.0,3.5,0.0,0.0,0.5,1,6,4,0,0,1
52,52,0.0,-1.1217277499999998,7.547439,0.3222889400477366,0.740407986111111,10.895,1.3,4.0,2015-01-01,2015-02-21,98.46312214459664,107.20031793032922,0.46172910530431577,0.3001239184478053,0.16160518685651049,0.0,0.0,35.508963248635226,0.0,5.380414858937403,6.628148149190405,0.0,0.0,3.5,0.0,0.0,0.5,1,6,4,0,0,1
53,53,0.0,-1.4481847500000002,6.403395,0.3024692413901447,1.455078125,2.88,1.3,5.0,2015-01-01,2015-02-22,99.59665681395585,108.44984104264182,0.4717367898161815,0.306628913380518,0.1651078764356635,0.0,0.0,35.9234304357641,0.0,5.49703192689484,6.633368646469927,0.0,0.0,3.5,0.0,0.0,0.5,1,6,4,0,0,1
54,54,0.0,-1.570245,7.868117999999999,0.3205213947628482,1.389765625,2.88,1.3,2.0,2015-01-01,2015-02-23,100.73022061605175,109.70072254033568,0.4818598798554312,0.3132089219060303,0.16865095794940094,0.0,0.0,36.339526433330605,0.0,5.614993786868217,6.638598233823827,0.0,0.0,3.5,0.0,0.0,0.5,1,6,4,0,0,1
55,55,0.0,0.024483000000000033,10.381548,0.3818252112626945,0.8916319444444445,2.88,1.3,0.0,2015-01-01,2015-02-24,101.86380924117219,110.95294964380486,0.49209355510569824,0.3198608108187039,0.17223274428699437,0.0,0.0,36.75722833528284,0.0,5.73424426890527,6.643832518951787,0.0,0.0,3.5,0.0,0.0,0.5,1,6,4,0,0,1
56,56,0.0,0.81318,10.26021,0.3927067660858445,0.4376736111111111,2.88,1.3,5.0,2015-01-01,2015-02-25,102.9974187395904,112.20650957003676,0.5013646341995021,0.32588701222967636,0.1754776219698257,0.0,0.0,37.176514392688794,0.0,5.842277856438829,6.649067298821989,0.0,0.0,3.5,0.0,0.0,0.5,1,6,4,0,0,1
57,57,0.0,2.351572499999999,10.936236000000001,0.4308046652068463,0.9190538194444444,2.88,1.3,1.0,2015-01-01,2015-02-26,104.130737720501,113.46138953305785,0.5105689185872607,0.3318697970817195,0.17869912150554124,0.0,0.0,37.597249684649434,0.0,5.949533101812937,6.654316483779006,0.0,0.0,3.5,0.0,0.0,0.5,1,6,4,0,0,1
58,58,0.0,1.4718719999999994,12.955646999999999,0.4516573672501419,0.7386718750000001,2.88,1.3,0.0,2015-01-01,2015-02-27,105.26371370950024,114.71757674437652,0.5198404144132786,0.3378962693686311,0.18194414504464745,0.0,0.0,38.01939461084501,0.0,6.05757154542373,6.659578491740107,0.0,0.0,3.5,0.0,0.0,0.5,1,6,4,0,0,1
59,59,0.0,4.357982999999999,15.226401,0.5575729608953012,0.59984375,2.88,1.3,0.0,2015-01-01,2015-02-28,106.39633426762285,115.97505841342536,0.5291752012019749,0.3439638807812837,0.18521132042069122,0.0,0.0,38.44292513218914,0.0,6.166347502940667,6.6648495410862285,0.0,0.0,3.5,0.0,0.0,0.5,1,6,4,0,0,1
60,60,0.0,8.275466999999999,17.8005,0.7216490824250477,0.6559809027777778,2.88,1.3,0.0,2015-01-01,2015-03-01,107.52858726422191,117.23382174799934,0.538569562962766,0.35007021592579796,0.18849934703696808,0.0,0.0,38.86781813528208,0.0,6.275817672846202,6.670126012526243,0.0,0.0,3.5,0.0,0.0,0.5,1,6,4,0,0,1
61,61,0.0,7.001417999999999,15.590415,0.6289682595856247,0.4431684027777778,2.88,1.3,2.0,2015-01-01,2015-03-02,108.66046086505614,118.49385395469415,0.5480199752002775,0.35621298388018036,0.1918069913200971,0.0,0.0,39.29405138160507,0.0,6.3859409850690225,6.675404441078105,0.0,0.0,3.5,0.0,0.0,0.5,1,6,4,0,0,1
62,62,0.0,6.8800799999999995,14.654378999999999,0.602998789358753,0.9071961805555555,3.330833333333333,1.3,3.0,2015-01-01,2015-03-03,109.79194352125154,119.75514223934044,0.5575230929220493,0.36239001039933205,0.19513308252271722,0.0,0.0,39.721603460231265,0.0,6.496678461240798,6.680681508510252,0.0,0.0,3.5,0.0,0.0,0.5,1,6,4,0,0,1
63,63,0.0,7.7532802499999995,13.510335000000001,0.5965007623666945,0.7053211805555555,2.4000000000000004,1.3,3.0,2015-01-01,2015-03-04,110.92302395905263,121.01767380743667,0.567075739551267,0.36859923070832357,0.19847650884294343,0.0,0.0,40.150453743761055,0.0,6.6079930854989914,6.685954036208257,0.0,0.0,3.5,0.0,0.0,0.5,1,6,4,0,0,1
64,64,0.0,4.422263249999999,13.72701,0.5260980930813068,0.9900086805555556,3.998333333333333,1.3,4.0,2015-01-01,2015-03-05,112.05369117028766,122.28143586458077,0.576674896656782,0.3748386828269083,0.20183621382987366,0.0,0.0,40.58058234721764,0.0,6.719849684813317,6.691218978421707,0.0,0.0,3.5,0.0,0.0,0.5,1,6,4,0,0,1
65,65,0.0,3.3959459999999995,12.088947000000001,0.4717957505070064,1.388203125,3.3600000000000003,1.3,0.0,2015-01-01,2015-03-06,113.18393440347783,123.546415616898,0.5863176944418886,0.3811065013872276,0.205211193054661,0.0,0.0,41.01197008966273,0.0,6.832214818153831,6.696473415903627,0.0,0.0,3.5,0.0,0.0,0.5,1,6,4,0,0,1
66,66,0.0,3.7079579999999996,16.84713,0.5797929283047699,0.5369618055555556,3.3600000000000003,1.3,1.0,2015-01-01,2015-03-07,114.31374315553221,124.8126002714676,0.6040028068498591,0.39260182445240843,0.21140098239745064,0.0,0.0,41.44459845831636,0.0,7.038295051105813,6.717567674770246,0.0,0.0,3.5,0.0,0.0,0.5,1,6,4,0,0,1
67,67,0.0,8.327469,18.736536,0.750028695896142,0.37805555555555553,3.3600000000000003,1.3,7.0,2015-01-01,2015-03-08,115.44604855833353,126.07997703674727,0.6225069547023879,0.40462952055655216,0.21787743414583577,0.0,0.0,41.87838406810873,0.0,7.253919301156288,6.740160113069532,0.0,0.0,3.5,0.0,0.0,0.5,1,6,4,0,0,1
68,68,0.0,6.299391,16.344444,0.6302704851908877,1.2407118055555555,3.230833333333333,1.3,3.0,2015-01-01,2015-03-09,116.58114463972251,127.34853312299492,0.6369199063178898,0.41399793910662835,0.2229219672112614,0.0,0.0,42.313323501342396,0.0,7.4218698551550055,6.76253334456959,0.0,0.0,3.5,0.0,0.0,0.5,1,6,4,0,0,1
69,69,0.0,2.5436909999999995,12.184284,0.4573010318029994,1.1030815972222223,2.88,1.3,2.0,2015-01-01,2015-03-10,117.71783876516439,128.6182557426888,0.6552297553610573,0.4258993409846873,0.22933041437637003,0.0,0.0,42.74897350771725,0.0,7.635229989322487,6.784753581388642,0.0,0.0,3.5,0.0,0.0,0.5,1,6,4,0,0,1
70,70,0.0,1.7665499999999996,15.919761000000001,0.5162844080676127,0.6993836805555556,2.88,1.3,0.0,2015-01-01,2015-03-11,118.85724783451097,129.88913211094507,0.6734949264020733,0.43777170216134764,0.23572322424072567,0.0,0.0,43.18577294063518,0.0,7.84806950180101,6.806763466820993,0.0,0.0,3.5,0.0,0.0,0.5,1,6,4,0,0,1
71,71,0.0,6.351393,16.977135,0.6476393398195057,0.872734375,2.88,1.3,2.0,2015-01-01,2015-03-12,119.99935091337726,131.16114944593312,0.6917160422715223,0.44961542747648947,0.2421006147950328,0.0,0.0,43.62372693193026,0.0,8.060395650281059,6.828566942977805,0.0,0.0,3.5,0.0,0.0,0.5,1,6,4,0,0,1
72,72,0.0,9.462845999999999,14.784384,0.671606128584187,0.7374565972222222,2.88,1.3,7.0,2015-01-01,2015-03-13,121.14412761815981,132.434294969289,0.7098937066423837,0.46143090931754943,0.24846279732483428,0.0,0.0,44.06284052869877,0.0,8.27221546921428,6.850167777482211,0.0,0.0,3.5,0.0,0.0,0.5,1,6,4,0,0,1
73,73,0.0,8.318802,20.088588,0.790188164410532,0.40512152777777777,2.88,1.3,1.0,2015-01-01,2015-03-14,122.29155809616105,133.70855590652582,0.7280285043686163,0.4732185278396006,0.2548099765290157,0.0,0.0,44.503118696855594,0.0,8.483535773758952,6.87156957232588,0.0,0.0,3.5,0.0,0.0,0.5,1,6,4,0,0,1
74,74,0.0,9.974198999999999,19.897914,0.8361185615405324,0.5864496527777778,5.47625,1.3,5.0,2015-01-01,2015-03-15,123.44162300661188,134.98391948744325,0.7461210018488983,0.4849786512017839,0.2611423506471144,0.0,0.0,44.944566324630344,0.0,8.694363164018526,6.892775772202301,0.0,0.0,3.5,0.0,0.0,0.5,1,6,4,0,0,1
75,75,0.0,11.178912,18.251184,0.8220168854363613,0.4928645833333334,6.219166666666667,1.3,3.0,2015-01-01,2015-03-16,124.59430350254028,136.26037294653287,0.7641717474246343,0.49671163582601235,0.267460111598622,0.0,0.0,45.387188225991885,0.0,8.904704029679522,6.913789672391257,0.0,0.0,3.5,0.0,0.0,0.5,1,6,4,0,0,1
76,76,0.0,10.866900000000001,18.069177,0.8065039934756427,1.039201388888889,10.8925,1.3,4.0,2015-01-01,2015-03-17,125.74958121344142,137.53790352338297,0.7821812717911301,0.5084178266642345,0.27376344512689554,0.0,0.0,45.83098914399341,0.0,9.114564554802854,6.934614426183871,0.0,0.0,3.5,0.0,0.0,0.5,1,6,4,0,0,1
77,77,0.0,9.901974,18.199182,0.7808708356431103,0.7625434027777778,12.544583333333334,1.3,3.0,2015-01-01,2015-03-18,126.90743822870346,138.8164984630801,0.8001500884259671,0.5200975574768787,0.28005253094908844,0.0,0.0,46.275973754030424,0.0,9.323950722815544,6.955253051899417,0.0,0.0,3.5,0.0,0.0,0.5,1,6,4,0,0,1
78,78,0.0,9.532181999999999,18.129846,0.7676787757257568,0.9046354166666664,3.8341666666666665,1.3,4.0,2015-01-01,2015-03-19,128.06785708174894,140.09614501660838,0.8180786940308343,0.5317511511200423,0.286327542910792,0.0,0.0,46.72214666700645,0.0,9.532868321659308,6.975708439521175,0.0,0.0,3.5,0.0,0.0,0.5,1,6,4,0,0,1
79,79,0.0,12.582965999999999,15.685752,0.7859569542673281,2.2368229166666667,8.57125,1.3,5.0,2015-01-01,2015-03-20,129.2308207348544,141.37683044124697,0.8359675689758772,0.5433789198343202,0.292588649141557,0.0,0.0,47.169512432402826,0.0,9.741322948968422,6.995983356956427,0.0,0.0,3.5,0.0,0.0,0.5,1,6,4,0,0,1
80,80,0.0,12.643635,19.299891,0.9050749137410654,1.0351822916666666,5.38125,1.3,4.0,2015-01-01,2015-03-21,130.39631256461112,142.65854200096453,0.8538171777525101,0.5549811655391316,0.2988360122133785,0.0,0.0,47.6180755412489,0.0,9.949320017346249,7.016080455966814,0.0,0.0,3.5,0.0,0.0,0.5,1,6,4,0,0,1
81,81,0.0,8.081904,17.54049,0.7089406117877947,1.7464496527777778,16.868333333333332,1.3,5.0,2015-01-01,2015-03-22,131.56431634799495,143.94126696681207,0.8716279694248705,0.5665581801261659,0.30506978929870465,0.0,0.0,48.067840428991445,0.0,10.156864759625915,7.036002277770702,0.0,0.0,3.5,0.0,0.0,0.5,1,6,4,0,0,1
82,82,0.0,7.088087999999999,12.296955,0.5531040296689078,0.8810590277777778,3.8833333333333337,1.3,3.0,2015-01-01,2015-03-23,132.73481624901345,145.22499261731258,0.8894003780828506,0.5781102457538528,0.3112901323289977,0.0,0.0,48.51881147826185,0.0,10.363962234149385,7.0557512583516555,0.0,0.0,3.5,0.0,0.0,0.5,1,6,4,0,0,1
83,83,0.0,6.966749999999999,15.477744000000001,0.6252914841858919,0.6175347222222222,2.4000000000000004,1.3,8.0,2015-01-01,2015-03-24,133.90779680590157,146.5097062388494,0.9071348232905645,0.5896376351388669,0.3174971881516976,0.0,0.0,48.97099302154073,0.0,10.570617329993317,7.0753297334786645,0.0,0.0,3.5,0.0,0.0,0.5,1,6,4,0,0,1
84,84,0.0,9.532181999999999,15.625083,0.6961133425704069,0.7075173611111111,4.993333333333333,1.3,7.0,2015-01-01,2015-03-25,135.08324291883773,147.795395126051,0.9248317105321907,0.6011406118459239,0.3236910986862668,0.0,0.0,49.424389343720556,0.0,10.776834772164369,7.094739943466001,0.0,0.0,3.5,0.0,0.0,0.5,1,6,4,0,0,1
85,85,0.0,7.73450175,14.290364999999998,0.6149234428936368,0.7983854166666666,7.485833333333334,1.3,7.0,2015-01-01,2015-03-26,136.26113983815551,149.08204658217466,0.9424914316515853,0.6126194305735305,0.3298720010780548,0.0,0.0,49.87900468456673,0.0,10.982619126721914,7.113984037680922,0.0,0.0,3.5,0.0,0.0,0.5,1,6,4,0,0,1
86,86,0.0,7.313429999999999,17.757165,0.6937458836541361,0.7658854166666667,2.88,1.3,1.0,2015-01-01,2015-03-27,137.4414731530265,150.36964791948662,0.960114365284396,0.6240743374348574,0.33604002784953857,0.0,0.0,50.33484324107867,0.0,11.187974805813335,7.1330640788154,0.0,0.0,3.5,0.0,0.0,0.5,1,6,4,0,0,1
87,87,0.0,8.769486,19.958582999999997,0.8000496450074712,0.43171006944444446,2.88,1.3,3.0,2015-01-01,2015-03-28,138.62422878059056,151.6581864596405,0.9777008772854398,0.6355055702355359,0.34219530704990386,0.0,0.0,50.791909169752195,0.0,11.392906072654169,7.1519820469433295,0.0,0.0,3.5,0.0,0.0,0.5,1,6,4,0,0,1
88,88,0.0,11.854938,21.336636,0.948990858464783,0.4645052083333334,3.21125,1.3,6.0,2015-01-01,2015-03-29,139.80939295551437,152.9476495340532,0.9952513211444635,0.6469133587439013,0.34833796240056214,0.0,0.0,51.25020658874557,0.0,11.597417046372842,7.170739843362098,0.0,0.0,0.0,0.0,0.0,0.5,1,6,4,0,0,1
89,89,0.0,12.873310499999999,18.502527,0.8856971051001753,1.2117621527777778,18.2675,1.3,7.0,2015-01-01,2015-03-30,140.9969522199561,154.2380244842784,1.0127660383949992,0.6582979249567495,0.3544681134382497,0.0,0.0,51.70973957995089,0.0,11.801511706774985,7.189339294242318,0.0,0.0,3.5,0.0,0.0,0.5,1,6,4,0,0,1
90,90,0.0,10.927569,17.592492,0.7936407589971772,1.340720486111111,10.759166666666664,1.3,1.0,2015-01-01,2015-03-31,142.18689341391777,155.52929866237736,1.0302453590141736,0.6696594833592129,0.3605858756549607,0.0,0.0,52.17051219097343,0.0,12.005193899002293,7.207782154095137,0.0,0.0,3.5,0.0,0.0,0.5,1,6,4,0,0,1
91,91,0.0,10.008866999999999,18.207849,0.7843753949993675,0.476640625,18.48,1.3,3.0,2015-01-01,2015-04-01,143.37920366596842,156.82145943128802,1.0476896018111808,0.6809982411772675,0.3666913606339133,0.0,0.0,52.63252843702148,0.0,12.208467338059314,7.2260701090593304,0.0,0.0,3.5,0.0,0.0,0.5,1,6,4,0,0,1
92,92,0.0,10.944903,19.767909,0.8635272486423664,0.5868836805555556,18.48,1.3,0.0,2015-01-01,2015-04-02,144.5738703843197,158.11449416519065,1.065099074806951,0.6923143986245183,0.37278467618243283,0.0,0.0,53.095792302709114,0.0,12.411335613237625,7.244204780029479,0.0,0.0,3.5,0.0,0.0,0.5,1,6,4,0,0,1
93,93,0.0,11.282916,21.2673,0.9261947422256398,0.8253559027777777,18.48,1.3,6.0,2015-01-01,2015-04-03,145.7708812482392,159.40839024987196,1.0824740756049398,0.7036081491432109,0.3788659264617289,0.0,0.0,53.56030774377469,0.0,12.613802192436557,7.262187725630308,0.0,0.0,3.5,0.0,0.0,0.5,1,6,4,0,0,1
94,94,0.0,13.198322999999998,21.067959,0.988295387152221,0.4622222222222222,18.48,1.3,2.0,2015-01-01,2015-04-04,146.9702241997857,160.70313508308658,1.0998148917478325,0.7148796796360912,0.3849352121117413,0.0,0.0,54.02607868871794,0.0,12.815870426319774,7.28002044503625,0.0,0.0,3.5,0.0,0.0,0.5,1,6,4,0,0,1
95,95,0.0,12.825641999999998,22.784025,1.0394303616078835,0.9647916666666664,18.48,1.3,1.0,2015-01-01,2015-04-05,148.17188743585217,161.99871607491542,1.1171218010692272,0.7261291706949977,0.3909926303742295,0.0,0.0,54.49310904035807,0.0,13.017543552413358,7.2977043806661,0.0,0.0,3.5,0.0,0.0,0.5,1,6,4,0,0,1
96,96,0.0,12.236286,22.420011,1.0029084476196362,1.108446180555556,18.48,1.3,1.0,2015-01-01,2015-04-06,149.37585940050357,163.29512064812286,1.1343950720298166,0.7373567968193808,0.3970382752104358,0.0,0.0,54.96140267731625,0.0,13.218824699023235,7.315240920732712,0.0,0.0,3.5,0.0,0.0,0.5,1,6,4,0,0,1
97,97,0.0,15.053061,24.612762,1.2081836184778427,1.259262152777778,18.48,1.3,4.0,2015-01-01,2015-04-07,150.5821287775957,164.59233623850974,1.1516349640489787,0.7485627266318362,0.4030722374171425,0.0,0.0,55.43096345542457,0.0,13.41971688909915,7.332631401685942,0.0,0.0,3.5,0.0,0.0,0.5,1,6,4,0,0,1
98,98,0.0,14.6933805,23.711394,1.1533182839370284,0.6428732638888889,18.48,1.3,1.0,2015-01-01,2015-04-08,151.79068448366448,165.89035029526616,1.1688417278195307,0.759747123082695,0.4090946047368357,0.0,0.0,55.90179520906503,0.0,13.620223043902383,7.349877110519071,0.0,0.0,0.0,0.0,0.0,0.5,1,6,4,0,0,1
99,99,0.0,13.310994,26.666840999999998,1.222106375124246,1.0178385416666667,18.48,1.3,1.0,2015-01-01,2015-04-09,153.00151566107175,167.18915028131931,1.1860156056200066,0.7709101436530044,0.41510546196700226,0.0,0.0,56.37390175244037,0.0,13.820345986644654,7.366979286986346,0.0,0.0,3.5,0.0,0.0,0.5,1,6,4,0,0,1
100,100,0.0,17.375817,26.20749,1.393485353243293,1.600251736111111,11.375833333333334,1.3,3.0,2015-01-01,2015-04-10,154.21461167139995,168.48872367368102,1.203156831610763,0.782051940546996,0.42110489106376703,0.0,0.0,56.847286880780416,0.0,14.020088445938578,7.3839391256984745,0.0,0.0,0.0,0.0,0.0,0.5,1,6,4,0,0,1
101,101,0.0,19.10055,22.48068,1.2958941967503124,1.9394270833333336,8.375416666666666,1.3,7.0,2015-01-01,2015-04-11,155.42996208908204,169.78905796379138,1.2202656321246224,0.7931726608810046,0.4270929712436178,0.0,0.0,57.321954371485766,0.0,14.219453059184472,7.4007577781309735,0.0,0.0,0.0,0.0,0.0,0.5,1,6,4,0,0,1
102,102,0.0,17.5910475,20.946621,1.158995339420398,2.263532986111111,8.004583333333333,1.3,6.0,2015-01-01,2015-04-12,156.6475566952594,171.09014065786073,1.237342225944218,0.8042724468637417,0.4330697790804763,0.0,0.0,57.797907985211864,0.0,14.41844237580213,7.417436354528062,0.0,0.0,3.5,0.0,0.0,0.5,1,6,4,0,0,1
103,103,0.0,10.355547,18.771204,0.8124606518261327,1.4231163194444445,5.258333333333334,1.3,2.0,2015-01-01,2015-04-13,157.8673854718562,172.39195927720812,1.2543868245759433,0.8153514359743632,0.4390353886015801,0.0,0.0,58.27515146689564,0.0,14.617058860423167,7.433975925734917,0.0,0.0,3.5,0.0,0.0,0.5,1,6,4,0,0,1
104,104,0.0,9.592851,17.055138,0.7379618997368121,0.8658680555555556,4.5600000000000005,1.3,2.0,2015-01-01,2015-04-14,159.0894385958635,173.69450135859898,1.2713996325085488,0.8264097611305568,0.44498987137799206,0.0,0.0,58.75368854672773,0.0,14.81530489590432,7.450377524926817,0.0,0.0,3.5,0.0,0.0,0.5,1,6,4,0,0,1
105,105,0.0,10.069536,19.299891,0.8200977726533998,0.755251736111111,4.5600000000000005,1.3,0.0,2015-01-01,2015-04-15,160.31370643382294,174.99775445457874,1.2883808474664276,0.8374475508531779,0.45093329661324966,0.0,0.0,59.233522941071904,0.0,15.01318278627894,7.466642149270635,0.0,0.0,3.5,0.0,0.0,0.5,1,6,4,0,0,1
106,106,0.0,14.221028999999998,21.362637,1.0384190405814706,1.4548177083333333,4.361666666666667,1.3,3.0,2015-01-01,2015-04-16,161.54017953650256,176.30170613380477,1.305330660653272,0.8484649294246268,0.45686573122864516,0.0,0.0,59.714658353334585,0.0,15.210694759596294,7.48277076150565,0.0,0.0,3.5,0.0,0.0,0.5,1,6,4,0,0,1
107,107,0.0,13.172322000000001,22.896696,1.0574400787909977,1.3310416666666667,4.887499999999999,1.3,2.0,2015-01-01,2015-04-17,162.76884863375685,177.60634398137523,1.3225098850031658,0.8596314252520578,0.462878459751108,0.0,0.0,60.19709847478634,0.0,15.41088000435419,7.482729355608372,5.5,0.0,0.0,0.0,0.0,0.0,1,6,4,0,0,1
108,108,0.0,12.262287,20.617275,0.9378400550225544,1.073810763888889,5.04,1.3,1.0,2015-01-01,2015-04-18,163.85762242262737,178.91165559915618,1.346931038181733,0.8755051748181265,0.4714258633636065,0.0,0.0,61.066952997920986,0.0,15.695453651379859,7.532801873246157,0.0,0.0,3.5,0.0,0.0,0.5,1,6,4,0,0,1
109,109,0.0,12.730305000000001,23.798064,1.0757229512614008,1.0260503472222222,5.04,1.3,0.0,2015-01-01,2015-04-19,165.09144272330514,180.2176286061058,1.3636712444101926,0.8863863088666252,0.47728493554356743,0.0,0.0,61.54854168881228,0.0,15.890523126746627,7.548273798250534,0.0,0.0,0.0,0.0,0.0,0.5,1,6,4,0,0,1
110,110,0.0,14.463705000000001,24.049407,1.1579444771909315,0.985824652777778,5.04,1.3,0.0,2015-01-01,2015-04-20,166.32742200411738,181.52425063859556,1.3803829413519404,0.8972489118787613,0.48313402947317907,0.0,0.0,62.031494016396884,0.0,16.085260390459247,7.563617691796103,0.0,0.0,0.0,0.0,0.0,0.5,1,6,4,0,0,1
111,111,0.0,15.46041,26.840180999999998,1.330247320383398,0.8424565972222222,5.04,1.3,0.0,2015-01-01,2015-04-21,167.56555184873864,182.8315093507303,1.3998477579504531,0.9099010426677946,0.48994671528265854,0.0,0.0,62.51581272667525,0.0,16.312079075376474,7.578834266875782,0.0,0.0,0.0,0.0,0.0,0.5,1,6,4,0,0,1
112,112,0.0,18.346521,28.287570000000002,1.5545650097754844,1.81671875,5.04,1.3,2.0,2015-01-01,2015-04-22,168.8066540724793,184.13939241466426,1.42025261732123,0.9231642012587995,0.4970884160624305,0.0,0.0,63.0018256353958,0.0,16.549851845799285,7.593893046120563,0.0,0.0,0.0,0.0,0.0,0.5,1,6,4,0,0,1
113,113,0.0,18.259851,25.990814999999998,1.427414829167162,1.3415451388888888,4.2925,1.3,2.0,2015-01-01,2015-04-23,170.05101154869214,185.44788752091557,1.440624304029325,0.9364057976190613,0.5042185064102637,0.0,0.0,63.48965194139048,0.0,16.787238063403244,7.608784620251354,0.0,0.0,0.0,0.0,0.0,0.5,1,6,4,0,0,1
114,114,0.0,12.966480749999999,25.574799,1.1591499484669658,2.168046875,14.441666666666666,1.3,2.0,2015-01-01,2015-04-24,171.29861722033885,186.75698237867778,1.4458861146320556,0.9398259745108362,0.5060601401212195,0.0,0.0,63.97929794443615,0.0,16.848552638608954,7.623510619691675,0.0,0.0,3.5,0.0,0.0,0.5,1,6,4,0,0,1
115,115,0.0,8.616368999999999,17.904504,0.7343090565859625,2.110130208333333,19.92,1.3,1.0,2015-01-01,2015-04-25,172.5449553602456,188.06666471612908,1.4657926827434842,0.9527652437832648,0.5130274389602194,0.0,0.0,64.46899837227105,0.0,17.080518944450965,7.638238217739339,0.0,0.0,3.5,0.0,0.0,0.5,1,6,4,0,0,1
116,116,0.0,8.604813,22.532682,0.8776706501065007,1.2997395833333334,19.92,1.3,0.0,2015-01-01,2015-04-26,173.79440189490197,189.37692228073917,1.4856654083223235,0.9656825154095103,0.5199828929128132,0.0,0.0,64.96047069072674,0.0,17.31209089164607,7.652805126036684,0.0,0.0,3.5,0.0,0.0,0.5,1,6,4,0,0,1
117,117,0.0,14.342367,24.578094,1.175484849071729,1.7516579861111112,19.92,1.3,0.0,2015-01-01,2015-04-27,175.04694960013836,190.68774283957316,1.5055043612353518,0.9785778348029787,0.5269265264323731,0.0,0.0,65.45372067952542,0.0,17.543269294334515,7.667212807910063,0.0,0.0,3.5,0.0,0.0,0.5,1,6,4,0,0,1
118,118,0.0,14.50487325,25.037445,1.2027110420051073,0.990668402777778,11.572916666666664,1.3,3.0,2015-01-01,2015-04-28,176.30259133233267,191.99911417959328,1.5253096196561682,0.9914512527765094,0.5338583668796588,0.0,0.0,65.94875409001665,0.0,17.774055063453883,7.681462691317356,0.0,0.0,0.0,0.0,0.0,0.5,1,6,4,0,0,1
119,119,0.0,14.489705999999998,27.16086,1.2991711599868014,1.0909288194444444,3.84,1.3,0.0,2015-01-01,2015-04-29,177.56132002916317,193.31102410795785,1.5450812692624,1.0,0.5450812692624001,0.0,0.0,66.44557664695185,0.0,17.995334300646373,7.695556169975767,0.0,0.0,0.0,0.0,0.0,0.5,1,6,4,0,0,1
120,120,0.0,18.346521,29.726292,1.636017852951866,0.7263020833333332,3.84,1.3,2.0,2015-01-01,2015-04-30,178.82389406097607,194.6234604523184,1.5648135433632164,1.0,0.5648135433632164,0.0,0.0,66.94449648682436,0.0,18.198099668795585,7.709467501671078,0.0,0.0,0.0,0.0,0.0,0.5,1,6,4,0,0,1
121,121,0.0,19.741908,32.222388,1.8753016732670285,0.819704861111111,3.84,1.3,4.0,2015-01-01,2015-05-01,180.09180929187892,195.936411061113,1.5844954181442976,1.0,0.5844954181442976,0.0,0.0,67.44611598815312,0.0,18.40034714242497,7.7231458420117765,0.0,0.0,0.0,0.0,0.0,0.5,1,6,4,0,0,1
122,122,0.0,19.863246,30.905004,1.7987029704306996,0.8348784722222222,3.84,1.3,4.0,2015-01-01,2015-05-02,181.36503221629695,197.24986380385866,1.6041279122969405,1.0,0.6041279122969405,0.0,0.0,67.95043667429637,0.0,18.6020871894266,7.736595348983807,0.0,0.0,0.0,0.0,0.0,0.5,1,6,4,0,0,1
123,123,0.0,18.121178999999998,30.298314,1.6561937193790888,1.5458072916666665,3.84,1.3,0.0,2015-01-01,2015-05-03,182.64353057500466,198.56380657143956,1.624375894226427,1.0,0.624375894226427,0.0,0.0,68.45746040102202,0.0,18.81015188025922,7.657191411197935,5.5,0.0,0.0,0.0,0.0,0.0,1,6,4,0,0,1
124,124,0.0,18.23385,29.526951,1.6180435466352407,0.7428211805555556,3.84,1.3,2.0,2015-01-01,2015-05-04,183.73992601625906,199.87822727639406,1.6521167468638307,1.0,0.6521167468638307,0.0,0.0,69.33686269555682,0.0,19.09521198884364,7.781392631503982,0.0,0.0,0.0,0.0,0.0,0.5,1,6,4,0,0,1
125,125,0.0,18.84054,27.68088,1.5483385692306475,0.6354947916666666,7.1625000000000005,1.3,5.0,2015-01-01,2015-05-05,185.0310652242065,201.19311385319907,1.6714714411859828,1.0,0.6714714411859828,0.0,0.0,69.84650853102467,0.0,19.294097413787345,7.79388873370403,0.0,0.0,0.0,0.0,0.0,0.5,1,6,4,0,0,1
126,126,0.0,17.994785250000003,26.276826,1.4284913116040885,0.8272743055555556,6.847083333333333,1.3,4.0,2015-01-01,2015-05-06,186.32734999835918,202.5084542585505,1.6907828513128402,1.0,0.6907828513128402,0.0,0.0,70.35889118886315,0.0,19.492538057974965,7.806176741077734,0.0,0.0,0.0,0.0,0.0,0.5,1,6,4,0,0,1
127,127,0.0,14.49909525,22.914029999999997,1.111720341180562,0.8185763888888888,6.047916666666667,1.3,5.0,2015-01-01,2015-05-07,187.62875349298744,203.8242364716436,1.7100518441678634,1.0,0.7100518441678634,0.0,0.0,70.8740135248406,0.0,19.690542829759057,7.818260082315924,0.0,0.0,0.0,0.0,0.0,0.5,1,6,4,0,0,1
128,128,0.0,14.16036,27.490206,1.2991711599868014,0.6566753472222222,5.28,1.3,3.0,2015-01-01,2015-05-08,188.93524980502647,205.1404484944481,1.7292792650828601,1.0,0.7292792650828601,0.0,0.0,71.3918786327053,0.0,19.888120415620172,7.830142082426539,0.0,0.0,0.0,0.0,0.0,0.5,1,6,4,0,0,1
129,129,0.0,17.939172,27.871554,1.509564230597708,0.750859375,5.28,1.3,4.0,2015-01-01,2015-05-09,190.24681393258288,206.4570783519834,1.748465938303028,1.0,0.7484659383030281,0.0,0.0,71.91248983203093,0.0,20.08527928535658,7.841825966792749,0.0,0.0,0.0,0.0,0.0,0.5,1,6,4,0,0,1
130,130,0.0,16.8427965,25.314789,1.3233552902195522,0.662126736111111,4.669583333333334,1.3,5.0,2015-01-01,2015-05-10,191.56342173589763,207.77411409258917,1.7676126674938348,1.0,0.7676126674938348,0.0,0.0,72.4358506568797,0.0,20.282027697292868,7.853314865054128,0.0,0.0,0.0,0.0,0.0,0.5,1,6,4,0,0,1
131,131,0.0,16.387779,26.710176,1.369254712161699,0.7540017361111111,4.345416666666667,1.3,2.0,2015-01-01,2015-05-11,192.88504990058456,209.09154378819466,1.7867202362369117,1.0,0.7867202362369117,0.0,0.0,72.9619648452184,0.0,20.478373703375667,7.8646118147939195,0.0,0.0,0.0,0.0,0.0,0.5,1,6,4,0,0,1
132,132,0.0,20.443935,30.549657,1.8129221022495456,0.940746527777778,8.16,1.3,1.0,2015-01-01,2015-05-12,194.21167590297753,210.40935553458525,1.8057894085201527,1.0,0.8057894085201527,0.0,0.0,73.49083632902716,0.0,20.674325154209814,7.875719765056298,0.0,0.0,0.0,0.0,0.0,0.5,1,6,4,0,0,1
133,133,0.0,21.070125750000003,31.598364,1.9217193462580808,0.4903559027777778,8.16,1.3,2.0,2015-01-01,2015-05-13,195.5432779774318,211.7275374516663,1.6791839887656554,1.0,0.6791839887656554,0.0,0.0,74.02246922504635,0.0,19.373350192325223,7.357798728152261,0.0,4.5,0.0,0.0,0.0,0.0,1,6,4,0,0,1
134,134,0.0,21.041957999999997,30.835668,1.869656922869186,0.8897916666666666,5.890000000000001,1.3,7.0,2015-01-01,2015-05-14,196.5866165854167,213.04607768372432,1.8525858504741404,1.0,0.8525858504741404,0.0,0.0,74.86131905843783,0.0,21.155197137458867,7.917932562130201,0.0,0.0,0.0,0.0,0.0,0.5,1,6,4,0,0,1
135,135,0.0,17.133141000000002,28.096895999999997,1.4785158193783414,1.9312239583333333,2.4000000000000004,1.3,3.0,2015-01-01,2015-05-15,197.93025786820425,214.36496439968636,1.8714069264197086,1.0,0.8714069264197086,0.0,0.0,75.3957303967926,0.0,21.34859919408798,7.928192158726018,0.0,0.0,0.0,0.0,0.0,0.5,1,6,4,0,0,1
136,136,0.0,14.82410775,26.138154,1.2669597055815884,1.626171875,2.4000000000000004,1.3,0.0,2015-01-01,2015-05-16,199.278775947412,215.68418579337634,1.8901947542157556,1.0,0.8901947542157556,0.0,0.0,75.93294292893125,0.0,21.541659598597157,7.9382788716827175,0.0,0.0,0.0,0.0,0.0,0.5,1,6,4,0,0,1
137,137,0.0,14.489705999999998,28.694919,1.3735543682278937,0.6540190972222223,2.4000000000000004,1.3,0.0,2015-01-01,2015-05-17,200.63215262086499,217.00373008376874,1.9089499674019403,1.0,0.9089499674019403,0.0,0.0,76.47296117073915,0.0,21.734384861128166,7.948195148172301,0.0,0.0,0.0,0.0,0.0,0.5,1,6,4,0,0,1
138,138,0.0,17.289147,30.116307,1.5977832227183912,0.8304079861111111,2.4000000000000004,1.3,1.0,2015-01-01,2015-05-18,201.9903702802206,218.32358551524044,1.927673183211417,1.0,0.9276731832114169,0.0,0.0,77.01578978199584,0.0,21.926781324260038,7.957943367519517,0.0,0.0,0.0,0.0,0.0,0.5,1,6,4,0,0,1
139,139,0.0,18.372522,31.659032999999997,1.752894551512402,0.8893315972222222,2.4000000000000004,1.3,2.0,2015-01-01,2015-05-19,203.35341188862196,219.64374035781918,1.9463650030183337,1.0,0.9463650030183337,0.0,0.0,77.56143356054254,0.0,22.118855167607435,7.9675258436804866,0.0,0.0,0.0,0.0,0.0,0.5,1,6,4,0,0,1
140,140,0.0,20.152868249999997,32.222388,1.9022701503542367,1.1250520833333333,2.4000000000000004,1.3,2.0,2015-01-01,2015-05-20,204.72126095947473,220.9641829074311,1.9650260127652566,1.0,0.9650260127652566,0.0,0.0,78.10989743678056,0.0,22.310612412212823,7.976944827593245,0.0,0.0,0.0,0.0,0.0,0.5,1,6,4,0,0,1
141,141,0.0,17.97384,29.76096,1.6165535082268423,1.3387152777777778,3.158333333333333,1.3,2.0,2015-01-01,2015-05-21,206.09390153627263,222.28490148614316,1.9846942931321494,1.0,0.9846942931321494,0.0,0.0,78.66118646847562,0.0,22.512720192039883,7.812381276573265,5.5,0.0,0.0,0.0,0.0,0.0,1,6,4,0,0,1
142,142,0.0,18.337854,31.468359,1.739087603766044,0.9653298611111112,3.3600000000000003,1.3,3.0,2015-01-01,2015-05-22,207.19433908942335,223.60588444240602,2.0108805393341753,1.0,1.0108805393341753,0.0,0.0,79.54739406776436,0.0,22.78180543910626,8.015067515490138,0.0,0.0,0.0,0.0,0.0,0.5,1,6,4,0,0,1
143,143,0.0,19.61118075,31.815039000000002,1.8404962817533808,1.1151822916666665,7.532083333333334,1.3,2.0,2015-01-01,2015-05-23,208.5785757345449,224.92712015129285,2.0293194350767116,1.0,1.0293194350767116,0.0,0.0,80.10149501845606,0.0,22.97128027938053,8.023726875221737,0.0,0.0,0.0,0.0,0.0,0.5,1,6,4,0,0,1
144,144,0.0,18.961878,32.031714,1.8129221022495456,1.3068229166666665,8.910833333333334,1.3,1.0,2015-01-01,2015-05-24,209.96752367353645,226.24859701473503,2.0477319403809533,1.0,1.0477319403809533,0.0,0.0,80.65846517744366,0.0,23.160483936165804,8.032235882577286,0.0,0.0,0.0,0.0,0.0,0.5,1,6,4,0,0,1
145,145,0.0,20.331264,31.043676,1.837208880738795,0.7849739583333333,4.5600000000000005,1.3,1.0,2015-01-01,2015-05-25,211.36116960149693,227.5703034617573,2.0661185294905393,1.0,1.0661185294905393,0.0,0.0,81.21830973115314,0.0,23.349421282706075,8.040596411441062,0.0,0.0,0.0,0.0,0.0,0.5,1,6,4,0,0,1
146,146,0.0,20.981289,30.584325,1.849458419468448,1.110824652777778,4.5600000000000005,1.3,0.0,2015-01-01,2015-05-26,212.7595006364996,228.8922279487091,2.0844796642926116,1.0,1.0844796642926116,0.0,0.0,81.78103397306701,0.0,23.53809706527213,8.048810287185708,0.0,0.0,0.0,0.0,0.0,0.5,1,6,4,0,0,1
147,147,0.0,20.279262,29.136936,1.7154153229904847,0.9994444444444444,3.9970833333333338,1.3,2.0,2015-01-01,2015-05-27,214.16250430528956,230.21435895949338,2.102815794678366,1.0,1.1028157946783659,0.0,0.0,82.34664330019153,0.0,23.726515906866553,8.056879288370563,0.0,0.0,0.0,0.0,0.0,0.5,1,6,4,0,0,1
148,148,0.0,20.391932999999998,31.442358,1.866840112861808,1.0688020833333334,3.3600000000000003,1.3,1.0,2015-01-01,2015-05-28,215.57016852962337,231.5366850057939,2.0457483678010453,1.0,1.0457483678010453,0.0,0.0,82.91514320969318,0.0,23.140101094210497,7.723796582464402,0.0,4.5,0.0,0.0,0.0,0.0,1,6,4,0,0,1
149,149,0.0,21.96066,30.827001,1.9296730246259683,1.2058767361111111,3.3600000000000003,1.3,5.0,2015-01-01,2015-05-29,216.65153026292444,232.8591946272989,2.1478673995358877,1.0,1.1478673995358877,0.0,0.0,83.7873000685594,0.0,24.189458251878385,8.093007682141916,0.0,0.0,0.0,0.0,0.0,0.5,1,6,4,0,0,1
150,150,0.0,21.917324999999998,32.196387,2.0201327056607608,0.9764149305555555,2.861666666666667,1.3,5.0,2015-01-01,2015-05-30,218.07048927207683,234.18187639192348,2.052200271309875,1.0,1.052200271309875,0.0,0.0,84.35874289412672,0.0,23.206399716637243,7.84115698702278,0.0,4.5,0.0,0.0,0.0,0.5,1,6,4,0,0,1
151,151,0.0,22.229336999999997,34.553811,2.213512564929405,0.8151215277777778,2.4000000000000004,1.3,6.0,2015-01-01,2015-05-31,219.44666619117723,235.50471889602875,1.930874254116805,1.0,0.9308742541168049,0.0,0.0,84.91421795535237,0.0,21.95967496425746,7.397026083505782,0.0,4.5,0.0,0.0,0.0,0.5,1,6,4,0,0,1
152,152,0.0,22.220670000000002,33.548439,2.138233505375469,0.938012152777778,3.4691666666666667,1.3,4.0,2015-01-01,2015-06-01,220.77081269594274,236.82771076463882,2.0570900389320217,1.0,1.0570900389320217,0.0,0.0,85.4500085313953,0.0,23.25664610623243,7.733834963337946,0.0,4.5,0.0,0.0,0.0,0.5,1,6,4,0,0,1
153,153,0.0,22.766690999999998,36.642558,2.419297968399253,1.1952690972222222,2.944583333333333,1.3,4.0,2015-01-01,2015-06-02,222.14340843512824,238.15084065165524,1.941007892955929,1.0,0.9410078929559289,0.0,0.0,86.00596972762216,0.0,22.06380644952915,7.323356771035158,0.0,4.5,0.0,0.0,0.0,0.0,1,6,4,0,0,1
154,154,0.0,24.742767,36.330546000000005,2.558148818792852,1.259140625,3.110833333333334,1.3,4.0,2015-01-01,2015-06-03,223.45391186857623,239.47409724006906,1.917913702330257,1.0,0.917913702330257,0.0,0.0,86.53805022029138,0.0,21.826494620167903,7.188871846475806,0.0,4.5,0.0,0.0,0.0,0.0,1,6,4,0,0,1
155,155,0.0,24.257414999999998,36.616557,2.5411582337363128,1.2794791666666665,2.64,1.3,3.0,2015-01-01,2015-06-04,224.7375466753354,240.7974692421709,1.9378304391771348,1.0,0.9378304391771348,0.0,0.0,87.06013181439633,0.0,22.031155494958856,7.204425030809343,0.0,4.5,0.0,0.0,0.0,0.0,1,6,4,0,0,1
156,156,0.0,25.488129,36.070536,2.599931164493043,1.3718315972222221,2.64,1.3,5.0,2015-01-01,2015-06-05,226.0214892979017,242.1209453997575,1.875700025684296,1.0,0.875700025684296,0.0,0.0,87.58306500923527,0.0,21.39271432488526,6.735463237913313,0.0,4.5,0.0,0.0,0.0,0.0,1,6,4,0,0,1
157,157,0.0,26.320161,36.243876,2.688373107701448,1.1764322916666665,2.64,1.3,2.0,2015-01-01,2015-06-06,226.95803551548175,243.44451448433733,1.9175868185484932,1.0,0.9175868185484932,0.0,0.0,88.33975284529606,0.0,21.823135620084447,7.020474473299045,0.0,4.5,0.0,0.0,0.0,0.0,1,6,4,0,0,1
158,158,0.0,20.695278,36.763896,2.2649722651299777,1.2375694444444445,2.64,1.3,1.0,2015-01-01,2015-06-07,228.20789020391163,244.76816529733236,2.085269939804523,1.0,1.085269939804523,0.0,0.0,88.84758395357338,0.0,23.546217797038434,7.550445184547474,0.0,4.5,0.0,0.0,0.0,0.0,1,6,4,0,0,1
159,159,0.0,19.265223,31.771704,1.8156677722801973,1.2391666666666665,2.64,1.3,2.0,2015-01-01,2015-06-08,229.55037160603624,246.09188667027854,2.3399808272271603,1.0,1.3399808272271603,0.0,0.0,89.39332890195519,0.0,26.16358194857972,8.21020751548478,5.5,0.0,0.0,0.0,0.0,0.0,1,6,4,0,0,1
160,160,0.0,19.733241,33.57444,1.9647170792523985,1.643133680555556,2.64,1.3,2.0,2015-01-01,2015-06-09,231.00802006113554,247.41566746502338,2.3576004352513196,1.0,1.3576004352513196,0.0,0.0,89.9863302698329,0.0,26.344637932771406,8.215976785686653,5.5,0.0,0.0,0.0,0.0,0.0,1,6,4,0,0,1
161,161,0.0,23.84356575,34.510476000000004,2.334691490687883,0.6207378472222222,2.64,1.3,1.0,2015-01-01,2015-06-10,232.46326847060334,248.73949657392103,2.035723034963272,1.0,1.0357230349632718,0.0,0.0,90.57954118407851,0.0,23.037082542304955,7.213640392115865,0.0,4.5,0.0,0.0,0.0,0.0,1,6,4,0,0,1
162,162,0.0,23.728728,34.536477000000005,2.32768764999029,0.889748263888889,2.64,1.3,2.0,2015-01-01,2015-06-11,233.7367767306235,250.06336292002499,2.087012089543531,1.0,1.087012089543531,0.0,0.0,91.1004481924915,0.0,23.564119820464434,7.338644851281581,0.0,4.5,0.0,0.0,0.0,0.0,1,6,4,0,0,1
163,163,0.0,21.847989000000002,36.443217,2.329735657825758,0.9857899305555554,2.64,1.3,0.0,2015-01-01,2015-06-12,235.030105117573,251.38725545727925,2.114130702865439,1.0,1.114130702865439,0.0,0.0,91.6301046195621,0.0,23.842785907597563,7.379399997573856,0.0,4.5,0.0,0.0,0.0,0.0,1,6,4,0,0,1
164,164,0.0,18.9662115,35.03049600000001,2.012004882537044,1.6024479166666665,2.64,1.3,0.0,2015-01-01,2015-06-13,236.32819121874383,252.71116317070613,2.4304656671111458,1.0,1.4304656671111458,0.0,0.0,92.16245742774501,0.0,27.09338820290494,8.252571194613292,5.5,0.0,0.0,0.0,0.0,0.0,1,6,4,0,0,1
165,165,0.0,18.84054,34.328469,1.95531813939608,0.9644878472222222,2.64,1.3,0.0,2015-01-01,2015-06-14,237.77828121642887,254.03507507659134,2.298611803817252,1.0,1.298611803817252,0.0,0.0,92.75730412826981,0.0,25.738481160965165,7.602432031356336,0.0,4.5,0.0,0.0,0.0,0.0,1,6,4,0,0,1
166,166,0.0,20.530604999999998,35.576517,2.163074652956617,1.2676649305555554,2.64,1.3,0.0,2015-01-01,2015-06-15,238.8293460534153,255.35898022266838,2.3270432834731403,1.0,1.3270432834731403,0.0,0.0,93.60776689274564,0.0,26.0306380309741,7.901465461863268,0.0,4.5,0.0,0.0,0.0,0.0,1,6,4,0,0,1
167,167,0.0,21.657315,34.137795000000004,2.14013549425808,0.8803298611111111,2.64,1.3,1.0,2015-01-01,2015-06-16,240.21546004249072,256.6828676882994,2.2421298181746256,1.0,1.2421298181746256,0.0,0.0,94.17551895144824,0.0,25.158082239172778,7.599823295775138,0.0,4.5,0.0,0.0,0.0,0.0,1,6,4,0,0,1
168,168,0.0,21.19435275,34.198464,2.110872000356285,1.3345833333333335,2.64,1.3,0.0,2015-01-01,2015-06-17,241.545501734899,258.00672658465317,2.3829387350960767,1.0,1.3829387350960767,0.0,0.0,94.72148985212321,0.0,26.605009832636956,7.997373355041416,0.0,4.5,0.0,0.0,0.0,0.0,1,6,4,0,0,1
169,169,0.0,20.825283,32.950416000000004,1.9967301179150008,1.3107899305555555,2.64,1.3,2.0,2015-01-01,2015-06-18,242.94281913009115,259.3305460548827,2.469935699191948,1.0,1.4699356991919479,0.0,0.0,95.2957187582348,0.0,27.498975290578425,8.248211097803724,0.0,4.5,0.0,0.0,0.0,0.0,1,6,4,0,0,1
170,170,0.0,21.09396,33.626442,2.0627378334705,0.9791927083333332,2.64,1.3,0.0,2015-01-01,2015-06-19,244.38118829714855,260.65431527429774,2.3973566614391326,1.0,1.3973566614391326,0.0,0.0,95.88771742582085,0.0,26.753165900607694,7.928571467938547,0.0,4.5,0.0,0.0,0.0,0.0,1,6,4,0,0,1
171,171,0.0,22.576017,35.888529,2.3434291953861743,0.5218229166666667,2.64,1.3,0.0,2015-01-01,2015-06-20,245.76044821409852,261.9780234505382,2.1874781881578356,1.0,1.1874781881578356,0.0,0.0,96.45668718506317,0.0,24.596491728941096,7.1931999437267,0.0,4.5,0.0,0.0,0.0,0.0,1,6,4,0,0,1
172,172,0.0,23.910735,38.202618,2.6484083317576546,1.0794444444444444,2.64,1.3,1.0,2015-01-01,2015-06-21,247.0084341693658,263.30165982374217,2.167855020451597,1.0,1.1678550204515972,0.0,0.0,96.97289322783394,0.0,24.39484751885765,7.0723169836176005,0.0,4.5,0.0,0.0,0.0,0.0,1,6,4,0,0,1
173,173,0.0,22.591906499999997,37.59592800000001,2.483424579984334,1.0406684027777777,2.64,1.3,0.0,2015-01-01,2015-06-22,248.23317384023488,264.62521366671376,2.234253683833565,1.0,1.2342536838335652,0.0,0.0,97.48025680745177,0.0,25.077148471929416,7.250630110690073,0.0,4.5,0.0,0.0,0.0,0.0,1,6,4,0,0,1
174,174,0.0,22.376676,36.997905,2.416476453327246,0.8982638888888888,2.64,1.3,0.0,2015-01-01,2015-06-23,249.48689994711407,265.9486742850879,2.2577601214969656,1.0,1.2577601214969656,0.0,0.0,98.00015832596912,0.0,25.318696479135472,7.279606287562558,0.0,4.5,0.0,0.0,0.0,0.0,1,6,4,0,0,1
175,175,0.0,23.737395,35.819193,2.431321432054535,1.567204861111111,2.64,1.3,0.0,2015-01-01,2015-06-24,250.74348718869828,267.2720310174923,2.342276620624574,1.0,1.342276620624574,0.0,0.0,98.52193389726598,0.0,26.18717311658411,7.520390221097696,0.0,4.5,0.0,0.0,0.0,0.0,1,6,4,0,0,1
176,176,0.0,25.141448999999998,36.304545000000005,2.590179140640145,1.8431336805555556,2.64,1.3,2.0,2015-01-01,2015-06-25,252.0396674158177,268.5952732357083,2.277135840871431,1.0,1.277135840871431,0.0,0.0,99.06070795585453,0.0,25.517797953808213,6.972378383059625,0.0,4.5,0.0,0.0,0.0,0.0,1,6,4,0,0,1
177,177,0.0,23.748950999999998,35.056497,2.3705644380994952,1.0856597222222222,2.64,1.3,2.0,2015-01-01,2015-06-26,252.99630841619418,269.9183903448286,2.347132824677291,1.0,1.3471328246772911,0.0,0.0,99.83631703299163,0.0,26.23707461286001,7.425969611534109,0.0,4.5,0.0,0.0,0.0,0.0,1,6,4,0,0,1
178,178,0.0,21.639981,33.791115000000005,2.1136413988434364,1.4498524305555556,2.64,1.3,1.0,2015-01-01,2015-06-27,254.27489831248022,271.24137178341243,2.5695603201080774,1.0,1.5695603201080774,0.0,0.0,100.3668065540987,0.0,28.522700322654117,8.107720969553448,0.0,4.5,0.0,0.0,0.0,0.0,1,6,4,0,0,1
179,179,0.0,21.596646,35.065164,2.2043848651724973,0.7233854166666666,2.64,1.3,0.0,2015-01-01,2015-06-28,255.66907567775598,272.56420702364017,2.394980871149944,1.0,1.394980871149944,0.0,0.0,100.94566077706361,0.0,26.728752698653807,7.48537571378417,0.0,4.5,0.0,0.0,0.0,0.0,1,6,4,0,0,1
180,180,0.0,22.758024,38.644634999999994,2.5864368456489784,0.97859375,2.64,1.3,0.0,2015-01-01,2015-06-29,256.953049589998,273.88688557146315,2.3081277275362764,1.0,1.3081277275362764,0.0,0.0,101.48008699535607,0.0,25.83626511461944,7.131338098046565,0.0,4.5,0.0,0.0,0.0,0.0,1,6,4,0,0,1
181,181,0.0,25.436127,39.996687,2.9552791555012843,1.392309027777778,2.64,1.3,0.0,2015-01-01,2015-06-30,258.17376717647437,275.2093969667535,2.2421023525972688,1.0,1.2421023525972688,0.0,0.0,101.98916338957494,0.0,25.157800007744417,6.850111455202597,0.0,4.5,0.0,0.0,0.0,0.0,1,6,4,0,0,1
182,182,0.0,25.644135,39.840681,2.9603224078041803,1.2073958333333334,2.64,1.3,1.0,2015-01-01,2015-07-01,259.34413321622463,276.5317307834505,2.2444791170114677,1.0,1.2444791170114677,0.0,0.0,102.47806778429148,0.0,25.18222321963509,6.807013372563697,0.0,4.5,0.0,0.0,0.0,0.0,1,6,4,0,0,1
183,183,0.0,24.907439999999998,37.370586,2.662950511655121,0.9924479166666667,2.64,1.3,0.0,2015-01-01,2015-07-02,260.5053156480424,277.8538766297049,2.3313981908639736,1.0,1.3313981908639736,0.0,0.0,102.96373266772822,0.0,26.07538829117455,7.05763746752257,0.0,4.5,0.0,0.0,0.0,0.0,1,6,4,0,0,1
184,184,0.0,27.299532,37.12791,2.8592329875132774,1.3973784722222222,2.64,1.3,1.0,2015-01-01,2015-07-03,261.70772004182186,279.17582414802155,2.3175150286807344,1.0,1.3175150286807344,0.0,0.0,103.46703508183955,0.0,25.932727365384793,6.957819700017959,0.0,4.5,0.0,0.0,0.0,0.0,1,6,4,0,0,1
185,185,0.0,22.67063175,37.56992700000001,2.4878200945080926,1.360017361111111,2.64,1.3,2.0,2015-01-01,2015-07-04,262.89113953439994,280.497563015399,2.4605128695442424,1.0,1.4605128695442424,0.0,0.0,103.96308067061324,0.0,27.40214795518045,7.402640190454666,0.0,4.5,0.0,0.0,0.0,0.0,1,6,4,0,0,1
186,186,0.0,22.142667,37.526592,2.440550915000093,0.7050520833333334,2.64,1.3,2.0,2015-01-01,2015-07-05,264.14876114130647,281.81908294346704,2.4197361468851155,1.0,1.4197361468851155,0.0,0.0,104.4905513729842,0.0,26.983133545606954,7.209052783650123,0.0,4.5,0.0,0.0,0.0,0.0,1,6,4,0,0,1
187,187,0.0,25.297455,37.474590000000006,2.7069946098340725,0.9734635416666664,2.64,1.3,1.0,2015-01-01,2015-07-06,265.3712402005505,283.1403736786234,2.3780884475747235,1.0,1.3780884475747235,0.0,0.0,105.0041274211179,0.0,26.555169133593754,7.012810844786154,0.0,4.5,0.0,0.0,0.0,0.0,1,6,4,0,0,1
188,188,0.0,26.450166,38.245953,2.8846309708621005,0.856328125,2.64,1.3,2.0,2015-01-01,2015-07-07,266.5583331333418,284.4614250021664,2.332915861259162,1.0,1.332915861259162,0.0,0.0,105.50362050425417,0.0,26.09098360445862,6.804709798140022,0.0,4.5,0.0,0.0,0.0,0.0,1,6,4,0,0,1
189,189,0.0,24.881439,37.032573,2.6308971080024666,1.52609375,2.64,1.3,0.0,2015-01-01,2015-07-08,267.70822219054094,285.7822267304257,2.4843993478516415,1.0,1.4843993478516415,0.0,0.0,105.98819041580613,0.0,27.64760119301013,7.2795573049800435,0.0,4.5,0.0,0.0,0.0,0.0,1,6,4,0,0,1
190,190,0.0,26.597504999999998,36.8679,2.7698789206408434,1.2853298611111112,2.64,1.3,1.0,2015-01-01,2015-07-09,268.93709233963494,287.1027687148928,2.430204367484653,1.0,1.4302043674846532,0.0,0.0,106.50627977387762,0.0,27.090703134032882,7.0398948767162715,0.0,4.5,0.0,0.0,0.0,0.0,1,6,4,0,0,1
191,191,0.0,28.16406525,37.275249,2.9559091534659303,1.0289496527777777,2.64,1.3,1.0,2015-01-01,2015-07-10,270.123360984148,288.4230408423466,2.3709996363944734,1.0,1.3709996363944734,0.0,0.0,107.00722995366024,0.0,26.48232576027754,6.7832731755070945,0.0,4.5,0.0,0.0,0.0,0.0,1,6,4,0,0,1
192,192,0.0,27.923555999999998,38.861309999999996,3.0888579677137256,0.7616493055555555,2.64,1.3,1.0,2015-01-01,2015-07-11,271.2643934201929,289.7430330349787,2.335974572101204,1.0,1.335974572101204,0.0,0.0,107.48983923944579,0.0,26.122414377555526,6.611086244043785,0.0,4.5,0.0,0.0,0.0,0.0,1,6,4,0,0,1
193,193,0.0,25.474406249999998,38.644634999999994,2.830319738368283,1.1983159722222223,2.64,1.3,2.0,2015-01-01,2015-07-12,272.37469986075274,291.0627352505163,2.4495515879823446,1.0,1.4495515879823446,0.0,0.0,107.96009291098821,0.0,27.28951175927472,6.955153045810816,0.0,4.5,0.0,0.0,0.0,0.0,1,6,4,0,0,1
194,194,0.0,25.158783,37.630596000000004,2.708551453001512,1.392204861111111,2.64,1.3,0.0,2015-01-01,2015-07-13,273.5415977076245,292.3821374823424,2.521047452260666,1.0,1.521047452260666,0.0,0.0,108.45456334335199,0.0,28.024190649678935,7.1523650056637855,0.0,4.5,0.0,0.0,0.0,0.0,1,6,4,0,0,1
195,195,0.0,24.794769,37.231914,2.640782337630118,0.8788107638888889,2.64,1.3,0.0,2015-01-01,2015-07-14,274.74004429439304,293.7012297596134,2.5125247348065995,1.0,1.5125247348065995,0.0,0.0,108.96285392638595,0.0,27.936612708414998,7.071715140496362,0.0,4.5,0.0,0.0,0.0,0.0,1,6,4,0,0,1
196,196,0.0,26.484834,37.743266999999996,2.840515145278218,0.9576822916666666,2.64,1.3,1.0,2015-01-01,2015-07-15,275.92310017910546,295.0200021473772,2.473716993182809,1.0,1.473716993182809,0.0,0.0,109.46529757905745,0.0,27.53783120065853,6.886234769036431,0.0,4.5,0.0,0.0,0.0,0.0,1,6,4,0,0,1
197,197,0.0,25.106780999999998,37.179912,2.663717809770753,0.8727690972222222,2.64,1.3,2.0,2015-01-01,2015-07-16,277.07322875872364,296.33844474668547,2.5351356551176036,1.0,1.5351356551176036,0.0,0.0,109.95447657168077,0.0,28.16895853726518,7.04881642129684,0.0,4.5,0.0,0.0,0.0,0.0,1,6,4,0,0,1
198,198,0.0,23.702727,37.405254,2.5611137719402306,1.2288975694444444,2.64,1.3,2.0,2015-01-01,2015-07-17,278.2490243894587,297.65654769470666,2.621356822351599,1.0,1.6213568223515988,0.0,0.0,110.45501840750623,0.0,29.054952043494268,7.297008011139683,0.0,4.5,0.0,0.0,0.0,0.0,1,6,4,0,0,1
199,199,0.0,22.4301225,34.744485,2.243185171522232,1.2104947916666666,2.782083333333333,1.3,3.0,2015-01-01,2015-07-18,279.46470829456365,298.97430116483577,2.76921338035701,1.0,1.76921338035701,0.0,0.0,110.97298189950314,0.0,30.57429995362703,7.758017135645666,0.0,4.5,0.0,0.0,0.0,0.0,1,6,4,0,0,1
200,200,0.0,20.42154525,31.624364999999997,1.8806307383050933,1.1698611111111112,7.441666666666666,1.3,5.0,2015-01-01,2015-07-19,280.7556882727517,300.2916953668023,3.087208658257994,1.0,2.087208658257994,0.0,0.0,111.52342193766401,0.0,33.84196333919879,8.62134151887231,5.5,0.0,0.0,0.0,0.0,0.0,1,6,4,0,0,1
201,201,0.0,19.917414750000002,30.696996,1.7890516961605676,1.349496527777778,8.600000000000001,1.3,2.0,2015-01-01,2015-07-20,282.18875531488885,301.6087205467753,3.1038612248840978,1.0,2.1038612248840978,0.0,0.0,112.1347960790611,0.0,34.013082176557305,8.624877638572396,5.5,0.0,0.0,0.0,0.0,0.0,1,6,4,0,0,1
202,202,0.0,19.897914,31.416357,1.8333261814471884,0.984418402777778,9.12,1.3,1.0,2015-01-01,2015-07-21,283.6196449057184,302.9253669874688,3.120506071735612,1.0,2.120506071735612,0.0,0.0,112.7463581060145,0.0,34.184121686873794,8.628422371708483,5.5,0.0,0.0,0.0,0.0,0.0,1,6,4,0,0,1
203,203,0.0,21.48614175,33.297096,2.067194960170056,0.7927951388888888,9.12,1.3,2.0,2015-01-01,2015-07-22,285.04838482367575,304.2416250082417,2.9806794068072135,1.0,1.9806794068072135,0.0,0.0,113.3581097686194,0.0,32.74728754163405,8.228445616159249,0.0,4.5,0.0,0.0,0.0,0.0,1,6,4,0,0,1
204,204,0.0,21.09396,32.499732,1.9842269473578005,1.2166666666666666,9.12,1.3,4.0,2015-01-01,2015-07-23,286.40798453375027,305.55748496519834,3.153955413422228,1.0,2.153955413422228,0.0,0.0,113.94152826410911,0.0,34.52784122202635,8.636968663506641,5.5,0.0,0.0,0.0,0.0,0.0,1,6,4,0,0,1
205,205,0.0,21.891323999999997,32.959083,2.0719687591252134,0.91671875,9.12,1.3,0.0,2015-01-01,2015-07-24,287.8329214043177,306.87293725128586,3.0287200211321474,1.0,2.0287200211321474,0.0,0.0,114.55374213092624,0.0,33.24094442071148,8.295641525319525,0.0,4.5,0.0,0.0,0.0,0.0,1,6,4,0,0,1
206,206,0.0,22.131110999999997,33.981789000000006,2.163501465269498,0.7927951388888888,9.12,1.3,0.0,2015-01-01,2015-07-25,289.19871926257565,308.18797229638994,2.9258566305815483,1.0,1.9258566305815483,0.0,0.0,115.14177578164185,0.0,32.18393836314788,7.928870285933357,0.0,4.5,0.0,0.0,0.0,0.0,1,6,4,0,0,1
207,207,0.0,22.107999,34.987161,2.237135182443449,0.9445399305555555,9.12,1.3,0.0,2015-01-01,2015-07-26,290.5015549056524,309.50258056742837,2.9351339647461927,1.0,1.9351339647461927,0.0,0.0,115.70381738210061,0.0,32.27927061262537,7.909090020577531,0.0,4.5,0.0,0.0,0.0,0.0,1,6,4,0,0,1
208,208,0.0,22.272672,35.602518,2.2971551570706565,0.6803385416666666,9.12,1.3,0.0,2015-01-01,2015-07-27,291.7990154759651,310.81675256844267,2.8801103121033007,1.0,1.8801103121033007,0.0,0.0,116.26437363241699,0.0,31.71385726350771,7.666893106782574,0.0,4.5,0.0,0.0,0.0,0.0,1,6,4,0,0,1
209,209,0.0,24.617095499999998,36.642558,2.574120629839225,0.9225,9.12,1.3,0.0,2015-01-01,2015-07-28,293.0545250134583,312.1304788406875,2.8214014905186966,1.0,1.8214014905186966,0.0,0.0,116.80773231443597,0.0,31.110575768359816,7.412404308412015,0.0,4.5,0.0,0.0,0.0,0.0,1,6,4,0,0,1
210,210,0.0,24.084075,36.495219,2.5162216195190816,1.0448350694444446,9.12,1.3,1.0,2015-01-01,2015-07-29,294.2662965013521,313.44374996271836,2.8750390719319436,1.0,1.8750390719319436,0.0,0.0,117.33302041702458,0.0,31.661746094006183,7.547438253063228,0.0,4.5,0.0,0.0,0.0,0.0,1,6,4,0,0,1
211,211,0.0,23.902068,35.273171999999995,2.4003082741899977,0.7832378472222222,9.12,1.3,0.0,2015-01-01,2015-07-30,295.49848561720694,314.75655655047717,5.013659400486683,1.0,4.013659400486683,0.0,0.0,117.86774412622565,0.0,53.036767722926704,5.6221890012697795,5.5,0.0,0.0,0.0,0.0,0.0,1,6,4,0,0,1
212,212,0.0,23.902068,35.472513,2.416476453327246,0.684453125,9.12,1.3,0.0,2015-01-01,2015-07-31,296.4133743794937,316.0688892573762,5.022975774595981,1.0,4.022975774595981,0.0,0.0,118.26642794482939,0.0,53.131157307622054,5.627767591444742,5.5,0.0,0.0,0.0,0.0,0.0,1,6,4,0,0,1
213,213,0.0,24.86627175,36.694559999999996,2.600119016051356,0.8071006944444444,9.12,1.3,0.0,2015-01-01,2015-08-01,297.3283207435149,317.38073877437955,5.032285548532595,1.0,4.032285548532595,0.0,0.0,118.66537625954888,0.0,53.22548002214331,5.633329354816694,5.5,0.0,0.0,0.0,0.0,0.0,1,6,4,0,0,1
214,214,0.0,24.144744,37.188579,2.580458958788612,0.9708420138888888,9.12,1.3,0.0,2015-01-01,2015-08-02,298.2433207845524,318.69209583008296,5.041588708687264,1.0,4.041588708687264,0.0,0.0,119.06459007101864,0.0,53.319735728607185,5.638874323841884,5.5,0.0,0.0,0.0,0.0,0.0,1,6,4,0,0,1
215,215,0.0,23.616057,35.637186,2.406623699945719,0.971137152777778,9.12,1.3,0.0,2015-01-01,2015-08-03,299.1583706366336,320.0029511907916,5.050885241989086,1.0,4.050885241989086,0.0,0.0,119.46407037117444,0.0,53.413924294584746,5.644402532146626,5.5,0.0,0.0,0.0,0.0,0.0,1,6,4,0,0,1
216,216,0.0,23.191374,34.727151,2.300530337075799,0.7329513888888889,9.12,1.3,0.0,2015-01-01,2015-08-04,300.0734664918014,321.3132956605964,5.060175135896478,1.0,4.060175135896478,0.0,0.0,119.86381814337577,0.0,53.50804559301003,5.649914014512802,5.5,0.0,0.0,0.0,0.0,0.0,1,6,4,0,0,1
217,217,0.0,22.844694,35.073831,2.300530337075799,0.5232465277777778,9.12,1.3,0.0,2015-01-01,2015-08-05,300.98860459939783,322.6231200814474,5.069458378388316,1.0,4.069458378388316,0.0,0.0,120.26383436252763,0.0,53.60209950208997,5.655408806862793,5.5,0.0,0.0,0.0,0.0,0.0,1,6,4,0,0,1
218,218,0.0,23.590056,36.911235,2.509656508741738,0.755546875,9.12,1.3,1.0,2015-01-01,2015-08-06,301.903781265362,323.93241533322646,5.078734957955248,1.0,4.078734957955248,0.0,0.0,120.66411999520106,0.0,53.69608590521673,5.6608869462453875,5.5,0.0,0.0,0.0,0.0,0.0,1,6,4,0,0,1
219,219,0.0,23.618945999999998,36.529887,2.480177454677827,1.021111111111111,9.12,1.3,2.0,2015-01-01,2015-08-07,302.818992851541,325.24117233381753,5.088004863591208,1.0,4.088004863591208,0.0,0.0,121.06467599975285,0.0,53.790004690881425,5.666348470820126,5.5,0.0,0.0,0.0,0.0,0.0,1,6,4,0,0,1
220,220,0.0,22.650408749999997,36.859233,2.4274847918863056,1.196189236111111,9.12,1.3,1.0,2015-01-01,2015-08-08,303.73423577501416,326.549382039174,5.097268084785108,1.0,4.097268084785108,0.0,0.0,121.46550332644415,0.0,53.88385575259016,5.671793419843336,5.5,0.0,0.0,0.0,0.0,0.0,1,6,4,0,0,1
221,221,0.0,20.934342750000003,33.782448,2.06248193159866,1.228671875,9.12,1.3,0.0,2015-01-01,2015-08-09,304.6495065074301,327.8570354433866,5.106524611512702,1.0,4.106524611512702,0.0,0.0,121.86660291755827,0.0,53.97763898878148,5.677221833651961,5.5,0.0,0.0,0.0,0.0,0.0,1,6,4,0,0,1
222,222,0.0,20.582607,33.513771000000006,2.0189267797721366,0.9594704861111112,9.12,1.3,0.0,2015-01-01,2015-08-10,305.56480157435516,329.1641235787471,5.11577443422861,1.0,4.11577443422861,0.0,0.0,122.26797570751707,0.0,54.07135430274559,5.6826337536493305,5.5,0.0,0.0,0.0,0.0,0.0,1,6,4,0,0,1
223,223,0.0,25.089447,34.328469,2.420003795180633,1.4720225694444444,9.12,1.3,0.0,2015-01-01,2015-08-11,306.48011755463517,330.4706375158112,5.125017543858521,1.0,4.125017543858521,0.0,0.0,122.66962262299664,0.0,54.16500160254543,5.688029222289937,5.5,0.0,0.0,0.0,0.0,0.0,1,6,4,0,0,1
224,224,0.0,25.366791,36.139872,2.5954262681358067,0.6242881944444444,9.12,1.3,0.0,2015-01-01,2015-08-12,307.3954510797674,331.77656836345955,5.134253931791544,1.0,4.134253931791544,0.0,0.0,123.07154458304188,0.0,54.258580800939065,5.693408283063469,5.5,0.0,0.0,0.0,0.0,0.0,1,6,4,0,0,1
225,225,0.0,23.295378,36.157206,2.422828895507528,0.6484461805555556,9.12,1.3,0.0,2015-01-01,2015-08-13,308.310798833285,333.08190726895725,5.143483589872724,1.0,4.143483589872724,0.0,0.0,123.47374249917972,0.0,54.35209181530388,5.6987709804803846,5.5,0.0,0.0,0.0,0.0,0.0,1,6,4,0,0,1
226,226,0.0,25.280120999999998,36.694559999999996,2.636215916303839,0.8418923611111111,9.12,1.3,0.0,2015-01-01,2015-08-14,309.22615755015164,334.3866454180104,5.152706510395697,1.0,4.152706510395697,0.0,0.0,123.87621727553159,0.0,54.44553456756228,5.704117360056278,5.5,0.0,0.0,0.0,0.0,0.0,1,6,4,0,0,1
227,227,0.0,26.03415,36.980571000000005,2.728861390292244,0.8947482638888888,9.12,1.3,0.0,2015-01-01,2015-08-15,310.14152401616707,335.69077403482197,5.161922686095504,1.0,4.161922686095504,0.0,0.0,124.2789698089247,0.0,54.538908984108716,5.709447468296435,5.5,0.0,0.0,0.0,0.0,0.0,1,6,4,0,0,1
228,228,0.0,25.808808,37.318584,2.739065930556231,1.2570225694444443,9.12,1.3,0.0,2015-01-01,2015-08-16,311.0568950673833,336.99428438214545,5.171132110141542,1.0,4.171132110141542,0.0,0.0,124.6820009890022,0.0,54.63221499573844,5.714761352680569,5.5,0.0,0.0,0.0,0.0,0.0,1,6,4,0,0,1
229,229,0.0,26.840180999999998,39.060651,3.000938373936983,0.9561458333333334,9.12,1.3,0.0,2015-01-01,2015-08-17,311.97226758953,338.29716776133694,5.180334776130648,1.0,4.180334776130648,0.0,0.0,125.08531169833212,0.0,54.725452537577254,5.720059061647358,5.5,0.0,0.0,0.0,0.0,0.0,1,6,4,0,0,1
230,230,0.0,25.089447,38.046611999999996,2.739852267860833,0.8826736111111111,9.12,1.3,0.0,2015-01-01,2015-08-18,312.887638517451,339.5994155124049,5.189530678080334,1.0,4.189530678080334,0.0,0.0,125.48890281251543,0.0,54.8186215490131,5.725340644579289,5.5,0.0,0.0,0.0,0.0,0.0,1,6,4,0,0,1
231,231,0.0,25.046111999999997,38.211285,2.7508816204358406,1.0313802083333334,9.12,1.3,0.0,2015-01-01,2015-08-19,313.80300483454926,340.90101901405853,5.198719810422135,1.0,4.198719810422135,0.0,0.0,125.89277520029296,0.0,54.911721973628694,5.730606151787011,5.5,0.0,0.0,0.0,0.0,0.0,1,6,4,0,0,1
232,232,0.0,25.306122,38.965314,2.844575154763773,0.9407118055555556,9.12,1.3,0.0,2015-01-01,2015-08-20,314.71836357224174,342.2019696837549,5.207902167995104,1.0,4.207902167995104,0.0,0.0,126.29692972365098,0.0,55.00475375913543,5.735855634493845,5.5,0.0,0.0,0.0,0.0,0.0,1,6,4,0,0,1
233,233,0.0,23.538054,37.275249,2.5360067173909417,1.0069444444444444,9.12,1.3,0.0,2015-01-01,2015-08-21,315.6337118094228,343.50225897774317,5.21707774603941,1.0,4.21707774603941,0.0,0.0,126.70136723792594,0.0,55.097716857308725,5.7410891448206876,5.5,0.0,0.0,0.0,0.0,0.0,1,6,4,0,0,1
234,234,0.0,21.691260749999994,35.264505,2.226554552269656,1.1170138888888885,9.12,1.3,0.0,2015-01-01,2015-08-22,316.54904667193676,344.80187839110806,5.2262465401900755,1.0,4.2262465401900755,0.0,0.0,127.10608859190792,0.0,55.19061122392447,5.7463067357703395,5.5,0.0,0.0,0.0,0.0,0.0,1,6,4,0,0,1
235,235,0.0,21.388638,34.458474,2.1439438966975177,0.8227430555555555,9.12,1.3,0.0,2015-01-01,2015-08-23,317.4643653320592,346.10081945781087,5.235408546470827,1.0,4.235408546470827,0.0,0.0,127.51109462794304,0.0,55.28343681869669,5.751508461212268,5.5,0.0,0.0,0.0,0.0,0.0,1,6,4,0,0,1
236,236,0.0,22.591184249999998,34.623146999999996,2.2462155081929485,0.7216579861111111,9.12,1.3,0.0,2015-01-01,2015-08-24,318.3796650079857,347.39907375073017,5.244563761288053,1.0,4.244563761288053,0.0,0.0,127.91638618203476,0.0,55.376193605216486,5.756694375867284,5.5,0.0,0.0,0.0,0.0,0.0,1,6,4,0,0,1
237,237,0.0,19.850967750000002,31.104345000000002,1.810499776252609,1.6617100694444444,9.12,1.3,0.0,2015-01-01,2015-08-25,319.29494296332985,348.6966328816982,5.253712181424877,1.0,4.253712181424877,0.0,0.0,128.32196408394395,0.0,55.46888155089179,5.761864535291931,5.5,0.0,0.0,0.0,0.0,0.0,1,6,4,0,0,1
238,238,0.0,19.646570999999998,31.693701,1.834989317447596,0.7680295138888888,8.297083333333333,1.3,1.0,2015-01-01,2015-08-26,320.2101965066282,349.99348850153854,5.262853804035357,1.0,4.262853804035357,0.0,0.0,128.7278291572881,0.0,55.5615006268887,5.767018995863686,5.5,0.0,0.0,0.0,0.0,0.0,1,6,4,0,0,1
239,239,0.0,19.143885,31.355688,1.7818767279274963,1.2937500000000002,7.92,1.3,0.0,2015-01-01,2015-08-27,321.1254229908535,351.2896323001005,5.271988626638757,1.0,4.271988626638757,0.0,0.0,129.13398221963908,0.0,55.654050808073464,5.772157814765082,5.5,0.0,0.0,0.0,0.0,0.0,1,6,4,0,0,1
240,240,0.0,18.571863,31.416357,1.750231959473815,0.7634201388888888,17.140416666666667,1.3,0.0,2015-01-01,2015-08-28,322.0406198129347,352.5850560062912,5.281116647113947,1.0,4.281116647113947,0.0,0.0,129.54042408261998,0.0,55.74653207295568,5.7772810499690745,5.5,0.0,0.0,0.0,0.0,0.0,1,6,4,0,0,1
241,241,0.0,19.516566,31.780371,1.8322181552764705,0.7097916666666666,15.278333333333332,1.3,1.0,2015-01-01,2015-08-29,322.9557844132854,353.8797513881078,5.29023786369391,1.0,4.29023786369391,0.0,0.0,129.94715555200102,0.0,55.838944403632674,5.782388760223379,5.5,0.0,0.0,0.0,0.0,0.0,1,6,4,0,0,1
242,242,0.0,21.067959,32.335059,1.9712016908232195,1.0506336805555554,9.495833333333334,1.3,1.0,2015-01-01,2015-08-30,323.87091427533835,355.1737102526671,5.299352274960312,1.0,4.299352274960312,0.0,0.0,130.3541774277939,0.0,55.93128778573449,5.787481005035557,5.5,0.0,0.0,0.0,0.0,0.0,1,6,4,0,0,1
243,243,0.0,22.325396249999997,32.681739,2.083145022171687,0.7921614583333334,8.16,1.3,3.0,2015-01-01,2015-08-31,324.78600692508695,356.46692444623284,5.30845987983821,1.0,4.30845987983821,0.0,0.0,130.7614905043455,0.0,56.02356220837024,5.792557844657977,5.5,0.0,0.0,0.0,0.0,0.0,1,6,4,0,0,1
244,244,0.0,19.776576000000002,28.764255,1.6633064536189703,1.11703125,6.255833333333333,1.3,3.0,2015-01-01,2015-09-01,325.7010599306341,357.75938585424285,5.317560677590821,1.0,4.317560677590821,0.0,0.0,131.16909557043013,0.0,56.11576766407516,5.797619340072628,5.5,0.0,0.0,0.0,0.0,0.0,1,6,4,0,0,1
245,245,0.0,18.771204,30.445653,1.7034252141708095,1.1581597222222222,4.800000000000001,1.3,1.0,2015-01-01,2015-09-02,326.6160709017472,359.0510864013331,5.326654667814401,1.0,4.326654667814401,0.0,0.0,131.57699340934104,0.0,56.20790414875866,5.80266555297626,5.5,0.0,0.0,0.0,0.0,0.0,1,6,4,0,0,1
246,246,0.0,19.915248000000002,30.020970000000002,1.7470415118259874,0.8217274305555555,4.800000000000001,1.3,1.0,2015-01-01,2015-09-03,327.53103748941953,360.3420180513617,5.335741850433195,1.0,4.335741850433195,0.0,0.0,131.98518479898053,0.0,56.299971661653274,5.807696545765479,5.5,0.0,0.0,0.0,0.0,0.0,1,6,4,0,0,1
247,247,0.0,21.145962,32.170386,1.9653058193970907,0.9964583333333334,4.800000000000001,1.3,0.0,2015-01-01,2015-09-04,328.4459573854382,361.63217280743015,5.344822225694499,1.0,4.344822225694499,0.0,0.0,132.3936705119491,0.0,56.39197020526447,5.81271238152166,5.5,0.0,0.0,0.0,0.0,0.0,1,6,4,0,0,1
248,248,0.0,22.142667,34.241799,2.183644624161156,0.7198524305555556,4.800000000000001,1.3,0.0,2015-01-01,2015-09-05,329.3608283219572,362.9215427119028,5.3538957941637815,1.0,4.3538957941637815,0.0,0.0,132.8024513156336,0.0,56.48389978532133,5.817713123996741,5.5,0.0,0.0,0.0,0.0,0.0,1,6,4,0,0,1
249,249,0.0,23.67600375,33.739113,2.261587122673299,0.8202777777777778,4.800000000000001,1.3,4.0,2015-01-01,2015-09-06,330.275648071078,364.21011984642587,5.362962556719897,1.0,4.362962556719897,0.0,0.0,133.21152797229416,0.0,56.57576041072805,5.8226988375978275,5.5,0.0,0.0,0.0,0.0,0.0,1,6,4,0,0,1
250,250,0.0,22.948698,31.49436,2.043164964734383,0.75296875,4.577083333333333,1.3,4.0,2015-01-01,2015-09-07,331.1904144444347,365.4978963319443,5.372022514550382,1.0,4.372022514550382,0.0,0.0,133.62090123915036,0.0,56.667552093516235,5.827669587372956,5.5,0.0,0.0,0.0,0.0,0.0,1,6,4,0,0,1
251,251,0.0,21.581478750000002,30.705663,1.896459475582268,0.4259548611111111,4.745833333333334,1.3,2.0,2015-01-01,2015-09-08,332.10512529278475,366.78486432871694,5.381075669146826,1.0,4.381075669146826,0.0,0.0,134.03057186846567,0.0,56.759274848798064,5.832625438996555,5.5,0.0,0.0,0.0,0.0,0.0,1,6,4,0,0,1
252,252,0.0,20.684444250000002,31.823705999999998,1.9110631762330303,0.9074565972222222,4.952500000000001,1.3,2.0,2015-01-01,2015-09-09,333.0197785056062,368.0710160363302,5.390122022300313,1.0,4.390122022300313,0.0,0.0,134.4405406076318,0.0,56.850928694720054,5.837566458754999,5.5,0.0,0.0,0.0,0.0,0.0,1,6,4,0,0,1
253,253,0.0,20.669276999999997,31.971045,1.91984357101862,0.9497569444444444,4.5600000000000005,1.3,1.0,2015-01-01,2015-09-10,333.9343720106994,369.3563436937105,5.399161576096954,1.0,4.399161576096954,0.0,0.0,134.85080819925113,0.0,56.94251365241777,5.842492713531824,5.5,0.0,0.0,0.0,0.0,0.0,1,6,4,0,0,1
254,254,0.0,20.4006,32.066382000000004,1.9083354658926208,0.7223003472222222,4.5600000000000005,1.3,1.0,2015-01-01,2015-09-11,334.8489037737943,370.64083957913465,5.4081943329134745,1.0,4.4081943329134745,0.0,0.0,135.26137538121878,0.0,57.03402974597121,5.8474042707938985,5.5,0.0,0.0,0.0,0.0,0.0,1,6,4,0,0,1
255,255,0.0,21.284634,32.031714,1.9653058193970907,0.9162847222222222,4.5600000000000005,1.3,0.0,2015-01-01,2015-09-12,335.7633717981625,371.92449601023975,5.4172202954128785,1.0,4.4172202954128785,0.0,0.0,135.672242886803,0.0,57.12547700236083,5.852301198577182,5.5,0.0,0.0,0.0,0.0,0.0,1,6,4,0,0,1
256,256,0.0,21.163296,32.057715,1.9588381347309365,0.8852517361111111,4.5600000000000005,1.3,1.0,2015-01-01,2015-09-13,336.6777741242356,373.2073053440305,5.426239466540196,1.0,4.426239466540196,0.0,0.0,136.0834114447252,0.0,57.2168554514244,5.857183565472123,5.5,0.0,0.0,0.0,0.0,0.0,1,6,4,0,0,1
257,257,0.0,23.598723,33.184425000000005,2.213512564929405,0.6070833333333333,4.5600000000000005,1.3,1.0,2015-01-01,2015-09-14,337.59210882922605,374.489259976885,5.435251849518265,1.0,4.435251849518265,0.0,0.0,136.49488177923843,0.0,57.3081651258144,5.862051440610276,5.5,0.0,0.0,0.0,0.0,0.0,1,6,4,0,0,1
258,258,0.0,22.506681,32.79441,2.1042487629098146,0.5944097222222222,4.5600000000000005,1.3,1.0,2015-01-01,2015-09-15,338.50637402675517,375.7703523445606,5.444257447843612,1.0,4.444257447843612,0.0,0.0,136.90665461020532,0.0,57.399406060956146,5.866904893649812,5.5,0.0,0.0,0.0,0.0,0.0,1,6,4,0,0,1
259,259,0.0,20.383266,30.88767,1.830557212113687,0.786328125,8.547916666666667,1.3,3.0,2015-01-01,2015-09-16,339.42056786648465,377.0505749221959,5.453256265282394,1.0,4.453256265282394,0.0,0.0,137.31873065317455,0.0,57.49057829500674,5.8717439947622125,5.5,0.0,0.0,0.0,0.0,0.0,1,6,4,0,0,1
260,260,0.0,17.904504,27.663546,1.496520108228225,0.946328125,4.484166666666667,1.3,4.0,2015-01-01,2015-09-17,340.33468853375257,378.32992022431404,5.462248305866373,1.0,4.462248305866373,0.0,0.0,137.7311106194567,0.0,57.58168186881432,5.876568814617896,5.5,0.0,0.0,0.0,0.0,0.0,1,6,4,0,0,1
261,261,0.0,16.899132,27.290865,1.424300746405729,1.0692795138888889,4.52125,1.3,3.0,2015-01-01,2015-09-18,341.2487342492139,379.608380804822,5.471233573888987,1.0,4.471233573888987,0.0,0.0,138.14379521619895,0.0,57.67271682587818,5.881379424373213,5.5,0.0,0.0,0.0,0.0,0.0,1,6,4,0,0,1
262,262,0.0,17.427819,26.450166,1.4083791728995512,0.6537413194444445,2.64,1.3,3.0,2015-01-01,2015-09-19,342.16270326848615,380.8859492570101,5.480212073901469,1.0,4.480212073901469,0.0,0.0,138.55678514645882,0.0,57.76368321230955,5.8861758956564,5.5,0.0,0.0,0.0,0.0,0.0,1,6,4,0,0,1
263,263,0.0,17.219811,27.750215999999998,1.4647955685128038,0.7734809027777777,2.64,1.3,2.0,2015-01-01,2015-09-20,343.076593881798,382.1626182135492,5.4891838107090125,1.0,4.4891838107090125,0.0,0.0,138.9700811092771,0.0,57.85458107679255,5.890958300554617,5.5,0.0,0.0,0.0,0.0,0.0,1,6,4,0,0,1
264,264,0.0,16.855797,29.717624999999998,1.5512095964367183,0.9126736111111112,2.64,1.3,0.0,2015-01-01,2015-09-21,343.99040441364286,383.4383803464875,5.498148789367022,1.0,4.498148789367022,0.0,0.0,139.38368379974946,0.0,57.94541047054647,5.895726711600039,5.5,0.0,0.0,0.0,0.0,0.0,1,6,4,0,0,1
265,265,0.0,17.263146,31.295019,1.664324734057869,0.718203125,2.64,1.3,0.0,2015-01-01,2015-09-22,344.90413322243677,384.7132283672447,5.507107015177384,1.0,4.507107015177384,0.0,0.0,139.79759390909769,0.0,58.03617144728778,5.900481201757387,5.5,0.0,0.0,0.0,0.0,0.0,1,6,4,0,0,1
266,266,0.0,20.192592,32.681739,1.9354755440641167,0.455685763888889,2.64,1.3,0.0,2015-01-01,2015-09-23,345.8177787001792,385.9871550266055,5.516058493684828,1.0,4.516058493684828,0.0,0.0,140.21181212473934,0.0,58.126864063193324,5.905221844410047,5.5,0.0,0.0,0.0,0.0,0.0,1,6,4,0,0,1
267,267,0.0,20.019251999999998,31.815039000000002,1.866840112861808,0.7020225694444444,2.64,1.3,1.0,2015-01-01,2015-09-24,346.73133927211904,387.2601531147121,5.525003230673318,1.0,4.525003230673318,0.0,0.0,140.626339130357,0.0,58.217488376863784,5.909948713347495,5.5,0.0,0.0,0.0,0.0,0.0,1,6,4,0,0,1
268,268,0.0,18.675867,30.870335999999998,1.723274615595125,0.7387934027777778,2.64,1.3,2.0,2015-01-01,2015-09-25,347.6448133964234,388.53221546105397,5.533941232162501,1.0,4.533941232162501,0.0,0.0,141.04117560596626,0.0,58.30804444928779,5.914661882752483,5.5,0.0,0.0,0.0,0.0,0.0,1,6,4,0,0,1
269,269,0.0,17.982507000000002,29.812962,1.6200321315487538,1.2823784722222222,2.64,1.3,3.0,2015-01-01,2015-09-26,348.5581995638505,389.80333493445767,5.542872504404224,1.0,4.542872504404224,0.0,0.0,141.4563222279831,0.0,58.3985323438063,5.919361427187943,5.5,0.0,0.0,0.0,0.0,0.0,1,6,4,0,0,1
270,270,0.0,19.10416125,28.89426,1.631716546575209,1.0489583333333334,2.64,1.3,2.0,2015-01-01,2015-09-27,349.47149629742614,391.0735044430752,5.551797053879064,1.0,4.551797053879064,0.0,0.0,141.87177966929005,0.0,58.48895212607789,5.9240474215846355,5.5,0.0,0.0,0.0,0.0,0.0,1,6,4,0,0,1
271,271,0.0,17.202477000000002,28.538913,1.5058272319311494,0.810234375,2.64,1.3,3.0,2015-01-01,2015-09-28,350.38470215212453,392.3427169343695,5.560714887292961,1.0,4.560714887292961,0.0,0.0,142.28754859930166,0.0,58.57930386404426,5.928719941228188,5.5,0.0,0.0,0.0,0.0,0.0,1,6,4,0,0,1
272,272,0.0,18.615198,28.400241,1.5758018462404153,1.1517100694444444,2.64,1.3,2.0,2015-01-01,2015-09-29,351.2978157145508,393.6109653951005,5.569626011573839,1.0,4.569626011573839,0.0,0.0,142.70362968402904,0.0,58.669587627896256,5.933379061747286,5.5,0.0,0.0,0.0,0.0,0.0,1,6,4,0,0,1
273,273,0.0,20.027919,28.772922,1.6786379578899144,1.1249739583333334,2.64,1.3,5.0,2015-01-01,2015-09-30,352.21083560262895,394.8782428513092,5.578530433868327,1.0,4.578530433868327,0.0,0.0,143.12002358614362,0.0,58.759803490040504,5.938024859100649,5.5,0.0,0.0,0.0,0.0,0.0,1,6,4,0,0,1
274,274,0.0,19.499232,27.152192999999997,1.5555248640224442,0.656484375,4.233333333333333,1.3,4.0,2015-01-01,2015-10-01,353.12376046529175,396.1445423683,5.587428161538488,1.0,4.587428161538488,0.0,0.0,143.5367309650398,0.0,58.84995152506633,5.942657409565289,5.5,0.0,0.0,0.0,0.0,0.0,1,6,4,0,0,1
275,275,0.0,18.589197,30.688329,1.7070666036860334,0.9223003472222222,6.48,1.3,0.0,2015-01-01,2015-10-02,354.03658898217475,397.4098570506218,5.596319202158624,1.0,4.596319202158624,0.0,0.0,143.95375247689694,0.0,58.94003180971342,5.9472767897245395,5.5,0.0,0.0,0.0,0.0,0.0,1,6,4,0,0,1
276,276,0.0,20.825283,30.957006,1.8634648306157848,0.7106684027777778,6.48,1.3,3.0,2015-01-01,2015-10-03,354.94931986331295,398.674180042049,5.6052035635120925,1.0,4.6052035635120925,0.0,0.0,144.37108877474063,0.0,59.0300444228394,5.951883076455327,5.5,0.0,0.0,0.0,0.0,0.0,1,6,4,0,0,1
277,277,0.0,20.1333675,31.035009,1.8240185243878573,0.8035243055555555,6.48,1.3,2.0,2015-01-01,2015-10-04,355.86195184884144,399.93750452555935,5.614081253588203,1.0,4.614081253588203,0.0,0.0,144.78874050850263,0.0,59.11998944538865,5.956476346917452,5.5,0.0,0.0,0.0,0.0,0.0,1,6,4,0,0,1
278,278,0.0,18.944544,28.573581,1.604183084574922,1.423689236111111,6.48,1.3,0.0,2015-01-01,2015-10-05,356.7744837086981,401.1998237233122,5.622952280579127,1.0,4.622952280579127,0.0,0.0,145.20670832508068,0.0,59.20986696036079,5.961056678540803,5.5,0.0,0.0,0.0,0.0,0.0,1,6,4,0,0,1
279,279,0.0,18.918543,30.124973999999998,1.6930586053667167,0.7069878472222223,6.48,1.3,2.0,2015-01-01,2015-10-06,357.68691424232986,402.46113089662447,5.6318166528768545,1.0,4.6318166528768545,0.0,0.0,145.62499286839682,0.0,59.29967705277994,5.9656241490142605,5.5,0.0,0.0,0.0,0.0,0.0,1,6,4,0,0,1
280,280,0.0,21.44064,28.417575,1.7422653636490877,1.548498263888889,4.4558333333333335,1.3,4.0,2015-01-01,2015-10-07,358.59924227840224,403.72141934594606,5.640674379070214,1.0,4.640674379070214,0.0,0.0,146.04359477945528,0.0,59.38941980966451,5.970178836274509,5.5,0.0,0.0,0.0,0.0,0.0,1,6,4,0,0,1
281,281,0.0,21.11490525,28.495578,1.727172205529716,1.055998263888889,3.12,1.3,2.0,2015-01-01,2015-10-08,359.51146667451195,404.9806824108333,5.649525467941908,1.0,4.649525467941908,0.0,0.0,146.4625146963996,0.0,59.47909531999713,5.974720818493992,5.5,0.0,0.0,0.0,0.0,0.0,1,6,4,0,0,1
282,282,0.0,17.725386,22.905363,1.251696641961061,0.444453125,13.79125,1.3,3.0,2015-01-01,2015-10-09,360.4235863169009,406.2389134699217,5.658369928465588,1.0,4.658369928465588,0.0,0.0,146.88175325456882,0.0,59.568703674695065,5.979250174070144,5.5,0.0,0.0,0.0,0.0,0.0,1,6,4,0,0,1
283,283,0.0,15.389629499999998,25.522797,1.2646548991533637,0.6858333333333334,11.04,1.3,1.0,2015-01-01,2015-10-10,361.33560012017534,407.4961059408978,5.667207769802993,1.0,4.667207769802993,0.0,0.0,147.3013110865527,0.0,59.658244966581165,5.983766981613937,5.5,0.0,0.0,0.0,0.0,0.0,1,6,4,0,0,1
284,284,0.0,14.498373,24.881439,1.1955433831618931,0.6887847222222222,11.04,1.3,1.0,2015-01-01,2015-10-11,362.24750702702534,408.75225328046884,5.676039001301091,1.0,4.676039001301091,0.0,0.0,147.72118882224655,0.0,59.74771929035506,5.988271319939402,5.5,0.0,0.0,0.0,0.0,0.0,1,6,4,0,0,1
285,285,0.0,14.845053,26.779512,1.297941449438229,1.0270920138888888,11.04,1.3,1.0,2015-01-01,2015-10-12,363.15930600794957,410.0073489843321,5.684863632489291,1.0,4.684863632489291,0.0,0.0,148.14138708890522,0.0,59.83712674256465,5.992763268052195,5.5,0.0,0.0,0.0,0.0,0.0,1,6,4,0,0,1
286,286,0.0,16.423891500000003,27.68088,1.4199362421307258,0.5408072916666666,11.04,1.3,3.0,2015-01-01,2015-10-13,364.07099606098024,411.2613865871431,5.693681673076667,1.0,4.693681673076667,0.0,0.0,148.56190651119604,0.0,59.92646742157823,5.997242905139176,5.5,0.0,0.0,0.0,0.0,0.0,1,6,4,0,0,1
287,287,0.0,16.049766,26.476167,1.341171266323167,0.7136458333333333,11.04,1.3,4.0,2015-01-01,2015-10-14,364.98257621141255,412.5143596624813,5.7024931329492325,1.0,4.7024931329492325,0.0,0.0,148.98274771125128,0.0,60.0157414275567,6.001710310557742,5.5,0.0,0.0,0.0,0.0,0.0,1,6,4,0,0,1
288,288,0.0,15.54057975,24.803435999999998,1.2386254021376624,0.9603472222222222,11.04,1.3,1.0,2015-01-01,2015-10-15,365.89404551153615,413.7662618228171,5.7112980221672425,1.0,4.7112980221672425,0.0,0.0,149.40391130871987,0.0,60.10494886242637,6.006165563825037,5.5,0.0,0.0,0.0,0.0,0.0,1,6,4,0,0,1
289,289,0.0,15.001058999999998,25.072112999999998,1.226388493220333,0.7131857638888889,11.04,1.3,2.0,2015-01-01,2015-10-16,366.8054030403683,415.0170867194752,5.720096350962531,1.0,4.720096350962531,0.0,0.0,149.82539792081815,0.0,60.194089829851826,6.010608744608255,5.5,0.0,0.0,0.0,0.0,0.0,1,6,4,0,0,1
290,290,0.0,10.008866999999999,17.557824,0.7648407495116272,1.2103993055555557,12.725833333333334,1.3,5.0,2015-01-01,2015-10-17,367.7166479033912,416.26682804259804,5.728888129735889,1.0,4.728888129735889,0.0,0.0,150.2472081623803,0.0,60.28316443520955,6.015039932713471,5.5,0.0,0.0,0.0,0.0,0.0,1,6,4,0,0,1
291,291,0.0,9.662187,20.244594,0.8372335142973018,0.7269531250000001,7.680000000000001,1.3,0.0,2015-01-01,2015-10-18,368.62777923229044,417.5154795211082,5.737673369054466,1.0,4.737673369054466,0.0,0.0,150.6693426459076,0.0,60.37217278556145,6.019459208076367,5.5,0.0,0.0,0.0,0.0,0.0,1,6,4,0,0,1
292,292,0.0,11.196245999999999,22.922697,0.982823732775262,0.6359809027777777,7.680000000000001,1.3,0.0,2015-01-01,2015-10-19,369.53879618469614,418.7630349226697,5.746452079649211,1.0,4.746452079649211,0.0,0.0,151.09180198161732,0.0,60.46111498962898,6.023866650751565,5.5,0.0,0.0,0.0,0.0,0.0,1,6,4,0,0,1
293,293,0.0,13.328327999999999,24.699432,1.1373451744791392,0.44631944444444444,7.680000000000001,1.3,3.0,2015-01-01,2015-10-20,370.4496979439274,420.0094880536474,5.755224272412344,1.0,4.755224272412344,0.0,0.0,151.51458677749088,0.0,60.549991157767515,6.028262340903147,5.5,0.0,0.0,0.0,0.0,0.0,1,6,4,0,0,1
294,294,0.0,14.936778749999998,23.971404,1.1749527655956205,0.8449565972222222,7.680000000000001,1.3,2.0,2015-01-01,2015-10-21,371.36048371873727,421.25483275906595,5.7639899583948555,1.0,4.7639899583948555,0.0,0.0,151.93769763932102,0.0,60.6388014019411,6.032646358794896,5.5,0.0,0.0,0.0,0.0,0.0,1,6,4,0,0,1
295,295,0.0,14.905722,21.605313,1.0750280305364484,0.8058159722222222,7.680000000000001,1.3,8.0,2015-01-01,2015-10-22,372.27115274306254,422.4990629225682,5.77274914880405,1.0,4.77274914880405,0.0,0.0,152.36113517075879,0.0,60.72754583569739,6.037018784780219,5.5,0.0,0.0,0.0,0.0,0.0,1,6,4,0,0,1
296,296,0.0,14.177693999999999,22.957365,1.10029473852419,0.6720486111111112,5.4375,1.3,1.0,2015-01-01,2015-10-23,373.1817042757729,423.742172466371,5.781501855001095,1.0,4.781501855001095,0.0,0.0,152.78489997335936,0.0,60.81622457414296,6.0413796992934365,5.5,0.0,0.0,0.0,0.0,0.0,1,6,4,0,0,1
297,297,0.0,14.637045,23.720060999999998,1.1512878968292952,0.9081423611111112,3.3600000000000003,1.3,2.0,2015-01-01,2015-10-24,374.09213760042525,424.9841553512216,5.790248088498629,1.0,4.790248088498629,0.0,0.0,153.20899264662765,0.0,60.904837733919,6.045729182839364,5.5,0.0,0.0,0.0,0.0,0.0,1,6,4,0,0,1
298,298,0.0,15.269735999999998,25.644135,1.2647216534214651,0.7930642361111111,3.3600000000000003,1.3,1.0,2015-01-01,2015-10-25,375.002452025018,426.2250055763518,5.798987860958381,1.0,4.798987860958381,0.0,0.0,153.63341378806277,0.0,60.99338543317731,6.0500673159849345,5.5,0.0,0.0,0.0,0.0,0.0,1,6,4,0,0,1
299,299,0.0,16.275108,26.328827999999998,1.344970886044328,0.8922048611111111,3.6779166666666665,1.3,3.0,2015-01-01,2015-10-26,375.91264688174834,427.4647171794318,5.807721184188825,1.0,4.807721184188825,0.0,0.0,154.0581639932023,0.0,61.08186779155631,6.054394179349725,5.5,0.0,0.0,0.0,0.0,0.0,1,6,4,0,0,1
300,300,0.0,17.401818,24.361418999999998,1.304511702480614,1.248090277777778,10.063333333333333,1.3,6.0,2015-01-01,2015-10-27,376.8227215267727,428.7032842365222,5.816448070142854,1.0,4.816448070142854,0.0,0.0,154.48324385566573,0.0,61.17028493015773,6.058709853596797,5.5,0.0,0.0,0.0,0.0,0.0,1,6,4,0,0,1
301,301,0.0,16.907799,21.882657,1.1698617292828069,1.1752690972222224,9.905416666666667,1.3,8.0,2015-01-01,2015-10-28,377.73267533996705,429.94070086202646,5.825168530915499,1.0,4.825168530915499,0.0,0.0,154.90865396719727,0.0,61.25863697152331,6.0630144194240945,5.5,0.0,0.0,0.0,0.0,0.0,1,6,4,0,0,1
302,302,0.0,15.201122250000001,18.693201,0.9745333092178384,0.32618055555555553,14.349583333333335,1.3,8.0,2015-01-01,2015-10-29,378.64250772469165,431.1769612086406,5.8338825787416635,1.0,4.8338825787416635,0.0,0.0,155.33439491770787,0.0,61.34692403961199,6.067307957555323,5.5,0.0,0.0,0.0,0.0,0.0,1,6,4,0,0,1
303,303,0.0,15.044394,17.36715,0.9213295709178893,0.4624826388888888,20.14,1.3,7.0,2015-01-01,2015-10-30,379.55221810755614,432.4120594673026,5.842590225993886,1.0,4.842590225993886,0.0,0.0,155.76046729531717,0.0,61.435146259777085,6.071590548731649,5.5,0.0,0.0,0.0,0.0,0.0,1,6,4,0,0,1
304,304,0.0,10.121538,19.169886,0.8176361302477689,1.145321180555556,3.3912500000000003,1.3,3.0,2015-01-01,2015-10-31,380.46180593818775,433.6459898671418,5.85129148518014,1.0,4.85129148518014,0.0,0.0,156.18687168639403,0.0,61.52330375874415,6.0758622737028505,5.5,0.0,0.0,0.0,0.0,0.0,1,6,4,0,0,1
305,305,0.0,8.35997025,13.935018,0.6215800084691174,1.0158940972222221,5.824166666666667,1.3,7.0,2015-01-01,2015-11-01,381.3712706890011,434.87874667542553,5.859986368941638,1.0,4.859986368941638,0.0,0.0,156.61360867559725,0.0,61.61139666458859,6.080123213219275,5.5,0.0,0.0,0.0,0.0,0.0,1,6,4,0,0,1
306,306,0.0,7.218093,9.974198999999999,0.5059908822920313,0.24290798611111106,7.379166666666666,1.3,7.0,2015-01-01,2015-11-02,382.28061185496955,436.1103241975062,5.868674890050683,1.0,4.868674890050683,0.0,0.0,157.04067884591518,0.0,61.69942510671405,6.08437344802322,5.5,0.0,0.0,0.0,0.0,0.0,1,6,4,0,0,1
307,307,0.0,6.290724,12.94698,0.5498212396044286,0.4662326388888889,2.88,1.3,3.0,2015-01-01,2015-11-03,383.1898289533996,437.3407167767665,5.877357061408541,1.0,4.877357061408541,0.0,0.0,157.46808277870508,0.0,61.78738921583073,6.0886130588408705,5.5,0.0,0.0,0.0,0.0,0.0,1,6,4,0,0,1
308,308,0.0,6.44673,16.907799,0.6483071441655651,0.39981770833333335,2.88,1.3,0.0,2015-01-01,2015-11-04,384.09892152370605,438.56991879456416,5.8860328960433295,1.0,4.8860328960433295,0.0,0.0,157.89582105373145,0.0,61.87528912393403,6.092842126374304,5.5,0.0,0.0,0.0,0.0,0.0,1,6,4,0,0,1
309,309,0.0,8.682815999999999,17.479821,0.7241001364105472,0.7605902777777778,2.88,1.3,6.0,2015-01-01,2015-11-05,385.0078891271899,439.79792467017626,5.89470240710794,1.0,4.89470240710794,0.0,0.0,158.32389424920447,0.0,61.9631249642835,6.097060731293459,5.5,0.0,0.0,0.0,0.0,0.0,1,6,4,0,0,1
310,310,0.0,13.414998,20.062587,0.9593145198147428,0.3476388888888889,4.445416666666667,1.3,4.0,2015-01-01,2015-11-06,385.91673134681787,441.0247288607411,5.903365607877982,1.0,4.903365607877982,0.0,0.0,158.7523029418172,0.0,62.05089687138204,6.101268954228441,5.5,0.0,0.0,0.0,0.0,0.0,1,6,4,0,0,1
311,311,0.0,12.617633999999999,16.162437,0.8016589593043119,0.35855902777777776,5.479166666666667,1.3,7.0,2015-01-01,2015-11-07,386.82544778700327,442.25032586120017,5.9120225117497505,1.0,4.9120225117497505,0.0,0.0,159.18104770678266,0.0,62.13860498095533,6.105466875761914,5.5,0.0,0.0,0.0,0.0,0.0,1,6,4,0,0,1
312,312,0.0,12.305622,17.055138,0.8198239354722411,0.8784027777777778,3.504166666666667,1.3,4.0,2015-01-01,2015-11-08,387.73403807338997,443.47471020423995,5.920673132238217,1.0,4.920673132238217,0.0,0.0,159.61012911787023,0.0,62.226249429931265,6.109654576421124,5.5,0.0,0.0,0.0,0.0,0.0,1,6,4,0,0,1
313,313,0.0,12.010944,15.599082,0.7661296152963848,1.1901041666666665,8.812916666666666,1.3,6.0,2015-01-01,2015-11-09,388.64250185263677,444.69787646023076,5.929317482975047,1.0,4.929317482975047,0.0,0.0,160.03954774744142,0.0,62.313830356420276,6.113832136670796,5.5,0.0,0.0,0.0,0.0,0.0,1,6,4,0,0,1
314,314,0.0,11.152911,15.148398,0.7280370625713961,1.1821180555555555,10.824166666666668,1.3,6.0,2015-01-01,2015-11-10,389.55083879220444,445.9198192371671,5.937955577706631,1.0,4.937955577706631,0.0,0.0,160.4693041664853,0.0,62.401347899694905,6.117999636905875,5.5,0.0,0.0,0.0,0.0,0.0,1,6,4,0,0,1
315,315,0.0,8.63153625,14.741049,0.6487712539579416,0.9388888888888886,4.067083333333333,1.3,2.0,2015-01-01,2015-11-11,390.4590485801442,447.14053318060485,5.946587430292155,1.0,4.946587430292155,0.0,0.0,160.89939894465329,0.0,62.48880220017067,6.122157157443934,5.5,0.0,0.0,0.0,0.0,0.0,1,6,4,0,0,1
316,316,0.0,8.240798999999999,17.913171000000002,0.7238547017812138,1.151883680555556,4.08,1.3,0.0,2015-01-01,2015-11-12,391.3671309248885,448.36001297359905,5.955213054701687,1.0,4.955213054701687,0.0,0.0,161.32983265029335,0.0,62.576193399386376,6.126304778518307,5.5,0.0,0.0,0.0,0.0,0.0,1,6,4,0,0,1
317,317,0.0,8.752151999999999,18.909876,0.7676787757257568,0.9420399305555556,4.08,1.3,0.0,2015-01-01,2015-11-13,392.2750855550424,449.57825333664096,5.963832465014262,1.0,4.963832465014262,0.0,0.0,161.7606058504839,0.0,62.66352163998493,6.130442580271076,5.5,0.0,0.0,0.0,0.0,0.0,1,6,4,0,0,1
318,318,0.0,5.770703999999999,15.11373,0.5875072320740767,1.0794010416666664,3.017916666666667,1.3,0.0,2015-01-01,2015-11-14,393.18291221917764,450.79524902759283,5.972445675416027,1.0,4.972445675416027,0.0,0.0,162.19171911106696,0.0,62.75078706569437,6.1345706427461435,5.5,0.0,0.0,0.0,0.0,0.0,1,6,4,0,0,1
319,319,0.0,6.1260509999999995,15.755088,0.611407249334178,1.2370746527777776,2.4000000000000004,1.3,1.0,2015-01-01,2015-11-15,394.0906106856285,452.0109948416232,5.981052700198386,1.0,4.981052700198386,0.0,0.0,162.62317299668103,0.0,62.837989821309186,6.1386890458825105,5.5,0.0,0.0,0.0,0.0,0.0,1,6,4,0,0,1
320,320,0.0,8.552811,18.069177,0.7372134292813612,0.9448003472222224,2.4000000000000004,1.3,4.0,2015-01-01,2015-11-16,394.9981807422888,453.22548561114104,5.989653553756176,1.0,4.989653553756176,0.0,0.0,163.05496807079322,0.0,62.92513005267185,6.142797869507543,5.5,0.0,0.0,0.0,0.0,0.0,1,6,4,0,0,1
321,321,0.0,12.608967,16.9338,0.8255914284868839,1.1348524305555554,5.487083333333334,1.3,8.0,2015-01-01,2015-11-17,395.90562219641026,454.43871620572827,5.998248250585842,1.0,4.998248250585842,0.0,0.0,163.48710489573133,0.0,63.012207906654204,6.146897193330517,5.5,0.0,0.0,0.0,0.0,0.0,1,6,4,0,0,1
322,322,0.0,8.61709125,14.039022,0.6305783015335611,0.830625,7.585416666666666,1.3,7.0,2015-01-01,2015-11-18,396.8129348744036,455.6506815320731,6.006836805283661,1.0,5.006836805283661,0.0,0.0,163.91958403271482,0.0,63.09922353113962,6.150987096936202,5.5,0.0,0.0,0.0,0.0,0.0,1,6,4,0,0,1
323,323,0.0,7.712111999999999,15.746421000000002,0.6509844307349686,0.33789930555555553,9.855833333333331,1.3,5.0,2015-01-01,2015-11-19,397.7201186216404,456.8613765339006,6.01541923254397,1.0,5.01541923254397,0.0,0.0,164.352406041886,0.0,63.18617707500496,6.155067659778313,5.5,0.0,0.0,0.0,0.0,0.0,1,6,4,0,0,1
324,324,0.0,7.157424,14.039022,0.5948988346341834,0.6659895833333334,3.3600000000000003,1.3,3.0,2015-01-01,2015-11-20,398.62717330225695,458.07079619190404,6.0239955471574245,1.0,5.0239955471574245,0.0,0.0,164.7855714823402,0.0,63.27306868810289,6.15913896117369,5.5,0.0,0.0,0.0,0.0,0.0,1,6,4,0,0,1
325,325,0.0,5.822705999999999,15.46041,0.5969665497272197,0.5764583333333334,3.3600000000000003,1.3,0.0,2015-01-01,2015-11-21,399.53409879895946,459.2789355236747,6.0325657640092585,1.0,5.0325657640092585,0.0,0.0,165.2190809121557,0.0,63.35989852124433,6.1632010802957895,5.5,0.0,0.0,0.0,0.0,0.0,1,6,4,0,0,1
326,326,0.0,6.403395,17.315148,0.6577202967297516,0.25592881944444446,3.3600000000000003,1.3,0.0,2015-01-01,2015-11-22,400.440895012831,460.4857895836303,6.041129898077587,1.0,5.041129898077587,0.0,0.0,165.65293488842335,0.0,63.44666672618127,6.167254096169151,5.5,0.0,0.0,0.0,0.0,0.0,1,6,4,0,0,1
327,327,0.0,7.200759,18.467859,0.7102266646626483,0.29651041666666667,3.3600000000000003,1.3,0.0,2015-01-01,2015-11-23,401.3475618631402,461.69135346294536,6.049687964431713,1.0,5.049687964431713,0.0,0.0,166.08713396727558,0.0,63.533373455589555,6.1712980876627395,5.5,0.0,0.0,0.0,0.0,0.0,1,6,4,0,0,1
328,328,0.0,7.365432,18.424524,0.7136123281108147,0.3053645833333334,3.3600000000000003,1.3,0.0,2015-01-01,2015-11-24,402.254099287151,462.89562228947636,6.058239978230455,1.0,5.058239978230455,0.0,0.0,166.52167870391474,0.0,63.62001886305193,6.17533313348547,5.5,0.0,0.0,0.0,0.0,0.0,1,6,4,0,0,1
329,329,0.0,7.547439,16.994469,0.679457271644087,0.3695746527777778,3.3600000000000003,1.3,0.0,2015-01-01,2015-11-25,403.1605072399344,464.09859122769046,6.066785954720499,1.0,5.066785954720499,0.0,0.0,166.95656965264183,0.0,63.706603103041445,6.179359312178784,5.5,0.0,0.0,0.0,0.0,0.0,1,6,4,0,0,1
330,330,0.0,7.634109,16.526450999999998,0.6693122241239149,0.260234375,3.3600000000000003,1.3,4.0,2015-01-01,2015-11-26,404.0667856941816,465.30025547859077,6.0753259092347704,1.0,5.0753259092347704,0.0,0.0,167.3918073668835,0.0,63.793126330904826,6.183376702112804,5.5,0.0,0.0,0.0,0.0,0.0,1,6,4,0,0,1
331,331,0.0,9.228837,17.523156,0.7409624720517258,0.36160590277777777,3.3600000000000003,1.3,1.0,2015-01-01,2015-11-27,404.97293464001837,466.50061027964205,6.0838598571908085,1.0,5.0838598571908085,0.0,0.0,167.82739239922006,0.0,63.87958870284609,6.187385381479761,5.5,0.0,0.0,0.0,0.0,0.0,1,6,4,0,0,1
332,332,0.0,9.090164999999999,17.88717,0.7475005632334357,0.6064583333333333,3.3600000000000003,1.3,0.0,2015-01-01,2015-11-28,405.87895408482143,467.69965090469555,6.092387814089184,1.0,5.092387814089184,0.0,0.0,168.26332530141184,0.0,63.96599037591052,6.1913854282888465,5.5,0.0,0.0,0.0,0.0,0.0,1,6,4,0,0,1
333,333,0.0,8.405472,16.656456,0.6935095280649731,1.0506163194444444,3.3600000000000003,1.3,0.0,2015-01-01,2015-11-29,406.7848440530362,468.8973726639124,6.100909795511915,1.0,5.100909795511915,0.0,0.0,168.699606624426,0.0,64.05233150796855,6.195376920361408,5.5,0.0,0.0,0.0,0.0,0.0,1,6,4,0,0,1
334,334,0.0,10.242875999999999,16.188438,0.7317450251240786,0.525078125,3.3600000000000003,1.3,0.0,2015-01-01,2015-11-30,407.6906045859951,470.0937709036874,6.109425817120901,1.0,5.109425817120901,0.0,0.0,169.13623691846257,0.0,64.13861225769999,6.199359935325264,5.5,0.0,0.0,0.0,0.0,0.0,1,6,4,0,0,1
335,335,0.0,10.286211,15.599082,0.7162824490804166,1.5368663194444445,6.617083333333333,1.3,7.0,2015-01-01,2015-12-01,408.5962357417393,471.2888410065714,6.117935894656393,1.0,5.117935894656393,0.0,0.0,169.5732167329801,0.0,64.22483278457844,6.203334550609875,5.5,0.0,0.0,0.0,0.0,0.0,1,6,4,0,0,1
336,336,0.0,9.774858,14.550374999999999,0.6736765586264866,1.5236631944444445,5.562916666666667,1.3,7.0,2015-01-01,2015-12-02,409.5017375948395,472.4825783911932,6.126440043935464,1.0,5.126440043935464,0.0,0.0,170.01054661672086,0.0,64.31099324885581,6.2073008434413275,5.5,0.0,0.0,0.0,0.0,0.0,1,6,4,0,0,1
337,337,0.0,9.974198999999999,15.443075999999998,0.7032584472467543,1.282092013888889,5.697916666666667,1.3,6.0,2015-01-01,2015-12-03,410.40711023621975,473.6749785121808,6.134938280850491,1.0,5.134938280850491,0.0,0.0,170.448227117736,0.0,64.39709381154698,6.211258890837626,5.5,0.0,0.0,0.0,0.0,0.0,1,6,4,0,0,1
338,338,0.0,2.2952369999999993,10.988237999999999,0.4307270291963035,1.458055555555556,36.24,1.3,1.0,2015-01-01,2015-12-04,411.31235377298304,474.8660368600815,6.143430621367683,1.0,5.143430621367683,0.0,0.0,170.88625878340986,0.0,64.48313463441487,6.215208769603688,5.5,0.0,3.5,0.0,0.0,0.0,1,6,4,0,0,1
339,339,0.0,1.601876999999999,9.714189,0.3967311534027103,0.6112152777777778,36.24,1.3,0.0,2015-01-01,2015-12-05,412.21746832823607,476.0557489612827,6.151917081525592,1.0,5.151917081525592,0.0,0.0,171.32464216048425,0.0,64.56911587995538,6.219150556326944,5.5,0.0,3.5,0.0,0.0,0.0,1,6,4,0,0,1
340,340,0.0,3.7166249999999996,7.6774439999999995,0.3980324279611549,0.6585763888888888,15.062083333333334,1.3,6.0,2015-01-01,2015-12-06,413.12245404091806,477.2441103779295,6.1603976774336555,1.0,5.1603976774336555,0.0,0.0,171.76337779508216,0.0,64.6550377113825,6.223084327372707,5.5,0.0,3.5,0.0,0.0,0.0,1,6,4,0,0,1
341,341,0.0,1.2284737499999991,6.975417,0.3477856666955913,1.3929947916666665,3.3600000000000003,1.3,6.0,2015-01-01,2015-12-07,414.02731106562965,478.43111670784515,6.16887242527077,1.0,5.16887242527077,0.0,0.0,172.20246623273133,0.0,64.74090029261407,6.227010158879381,5.5,0.0,3.5,0.0,0.0,0.0,1,6,4,0,0,1
342,342,0.0,0.9605189999999997,10.338213,0.3964424926319932,0.7380034722222222,3.3600000000000003,1.3,0.0,2015-01-01,2015-12-08,414.9320395724625,479.6167635844479,6.177341341283847,1.0,5.177341341283847,0.0,0.0,172.64190801838708,0.0,64.82670378825688,6.230928126754658,5.5,0.0,0.0,0.0,0.0,0.0,1,6,4,0,0,1
343,343,0.0,1.6502677499999994,10.138872,0.4046812770078007,0.6854600694444444,3.3600000000000003,1.3,1.0,2015-01-01,2015-12-09,415.8366397468321,480.8010466766675,6.1858044417864155,1.0,5.1858044417864155,0.0,0.0,173.08170369645524,0.0,64.91244836359282,6.234838306670801,5.5,0.0,0.0,0.0,0.0,0.0,1,6,4,0,0,1
344,344,0.0,1.1858609999999992,8.596146,0.3718924054904508,0.8039670138888888,3.3600000000000003,1.3,2.0,2015-01-01,2015-12-10,416.7411117893101,481.98396168886416,6.194261743157235,1.0,5.194261743157235,0.0,0.0,173.52185381081443,0.0,64.99813418456453,6.2387407740606395,5.5,0.0,0.0,0.0,0.0,0.0,1,6,4,0,0,1
345,345,0.0,2.5032449999999997,7.868117999999999,0.3812672951952839,0.7270138888888888,3.3600000000000003,1.3,1.0,2015-01-01,2015-12-11,417.64545591545914,483.16550436074215,6.202713261838899,1.0,5.202713261838899,0.0,0.0,173.96235890483803,0.0,65.08376141776152,6.242635604113391,5.5,0.0,0.0,0.0,0.0,0.0,1,6,4,0,0,1
346,346,0.0,1.6639904999999997,9.575517,0.3954576356848894,0.29790798611111113,3.3600000000000003,1.3,0.0,2015-01-01,2015-12-12,418.54967235566863,484.3456704672666,6.2111590143364825,1.0,5.2111590143364825,0.0,0.0,174.40321952141593,0.0,65.16933023040626,6.246522871770878,5.5,0.0,0.0,0.0,0.0,0.0,1,6,4,0,0,1
347,347,0.0,0.5618369999999997,10.043534999999999,0.3850472638024042,0.3381336805555556,3.3600000000000003,1.3,0.0,2015-01-01,2015-12-13,419.4537613549918,485.5244558185783,6.219599017216203,1.0,5.219599017216203,0.0,0.0,174.84443620297588,0.0,65.25484079034064,6.2504026517233235,5.5,0.0,0.0,0.0,0.0,0.0,1,6,4,0,0,1
348,348,0.0,4.089306,8.362137,0.4160479952763969,0.7949479166666666,3.3600000000000003,1.3,6.0,2015-01-01,2015-12-14,420.3577231729844,486.7018562599076,6.228033287104086,1.0,5.228033287104086,0.0,0.0,175.2860094915045,0.0,65.34029326601262,6.25427501840555,5.5,0.0,0.0,0.0,0.0,0.0,1,6,4,0,0,1
349,349,0.0,2.2287899999999996,7.720779,0.3745368398406292,0.9245225694444444,3.3600000000000003,1.3,5.0,2015-01-01,2015-12-15,421.2615580835435,487.8778676714878,6.236461840684633,1.0,5.236461840684633,0.0,0.0,175.72793992856785,0.0,65.42568782646252,6.258140045993784,5.5,0.0,0.0,0.0,0.0,0.0,1,6,4,0,0,1
350,350,0.0,0.7351769999999993,9.757524,0.3832231617402345,0.2874045138888889,3.3600000000000003,1.3,1.0,2015-01-01,2015-12-16,422.16526637475016,489.05248596846934,6.244884694699541,1.0,5.244884694699541,0.0,0.0,176.17022805533207,0.0,65.51102464131017,6.261997808400981,5.5,0.0,0.0,0.0,0.0,0.0,1,6,4,0,0,1
351,351,0.0,0.483833999999999,8.717483999999999,0.3628554148005,0.32167534722222224,3.3600000000000003,1.3,5.0,2015-01-01,2015-12-17,423.06884834871005,490.2257071008313,6.253301865946406,1.0,5.253301865946406,0.0,0.0,176.6128744125832,0.0,65.59630388074179,6.265848379274498,5.5,0.0,0.0,0.0,0.0,0.0,1,6,4,0,0,1
352,352,0.0,3.5259509999999996,7.469436,0.3914209017786125,0.2034982638888889,3.3600000000000003,1.3,7.0,2015-01-01,2015-12-18,423.97230432139844,491.3975270532935,6.261713371277446,1.0,5.261713371277446,0.0,0.0,177.05587954074704,0.0,65.6815257154969,6.269691831991551,5.5,0.0,0.0,0.0,0.0,0.0,1,6,4,0,0,1
353,353,0.0,1.9146112499999997,9.228837,0.3938648452816384,0.4090017361111111,3.3600000000000003,1.3,1.0,2015-01-01,2015-12-19,424.8756346225039,492.56794184522835,6.270119227598254,1.0,5.270119227598254,0.0,0.0,177.49924397990856,0.0,65.76669031685591,6.273528239656489,5.5,0.0,0.0,0.0,0.0,0.0,1,6,4,0,0,1
354,354,0.0,1.0731899999999994,8.448806999999999,0.3678216673162492,0.5453732638888888,3.3600000000000003,1.3,2.0,2015-01-01,2015-12-20,425.77883959527526,493.7369475305719,6.278519451866546,1.0,5.278519451866546,0.0,0.0,177.94296826983106,0.0,65.8517978566273,6.277357675097272,5.5,0.0,0.0,0.0,0.0,0.0,1,6,4,0,0,1
355,355,0.0,-0.09685500000000058,8.87349,0.3563698369563041,0.7334114583333333,3.3600000000000003,1.3,1.0,2015-01-01,2015-12-21,426.68191959636863,494.9045401977339,6.28691406109093,1.0,5.28691406109093,0.0,0.0,178.38705294997504,0.0,65.93684850713504,6.281180210862312,5.5,0.0,0.0,0.0,0.0,0.0,1,6,4,0,0,1
356,356,0.0,-0.9982230000000012,9.965532,0.3592689291944601,0.31190104166666666,3.3600000000000003,1.3,0.0,2015-01-01,2015-12-22,427.58487499569617,496.0707159695071,6.2953030723297045,1.0,5.2953030723297045,0.0,0.0,178.83149855951677,0.0,66.02184244120667,6.284995919217126,5.5,0.0,0.0,0.0,0.0,0.0,1,6,4,0,0,1
357,357,0.0,2.4772439999999993,10.745562,0.429641422418403,0.5637239583333334,3.3600000000000003,1.3,3.0,2015-01-01,2015-12-23,428.48770617627554,497.23547100297765,6.303686502689629,1.0,5.303686502689629,0.0,0.0,179.2763056373665,0.0,66.10677983216073,6.2888048721417995,5.5,0.0,0.0,0.0,0.0,0.0,1,6,4,0,0,1
358,358,0.0,2.5588582499999997,10.476885,0.4263093397359484,0.182109375,3.3600000000000003,1.3,3.0,2015-01-01,2015-12-24,429.39041353408163,498.39880148943325,6.312064369324772,1.0,5.312064369324772,0.0,0.0,179.72147472218657,0.0,66.19166085379499,6.2926071413270845,5.5,0.0,0.0,0.0,0.0,0.0,1,6,4,0,0,1
359,359,0.0,1.8618869999999998,10.225542,0.4097662020733109,0.34018229166666664,3.3600000000000003,1.3,0.0,2015-01-01,2015-12-25,430.29299747789815,499.56070365427183,6.320436689435298,1.0,5.320436689435298,0.0,0.0,180.1670063524089,0.0,66.2764856803743,6.296402798172678,5.5,0.0,0.0,0.0,0.0,0.0,1,6,4,0,0,1
360,360,0.0,1.229195999999999,11.30025,0.4174051147717293,0.5000347222222222,3.3600000000000003,1.3,0.0,2015-01-01,2015-12-26,431.19545842917154,500.7211737569089,6.328803480266341,1.0,5.328803480266341,0.0,0.0,180.61290106625262,0.0,66.36125448661907,6.300191913783722,5.5,0.0,0.0,0.0,0.0,0.0,1,6,4,0,0,1
361,361,0.0,2.000558999999999,9.922197,0.4069520887620009,0.26901041666666664,3.3600000000000003,1.3,0.0,2015-01-01,2015-12-27,432.0977968218656,501.88020809068564,6.337164759106826,1.0,5.337164759106826,0.0,0.0,181.05915940174128,0.0,66.44596744769346,6.303974558967727,5.5,0.0,0.0,0.0,0.0,0.0,1,6,4,0,0,1
362,362,0.0,2.1132299999999997,12.678303,0.4585028341183709,0.2681510416666667,3.3600000000000003,1.3,0.0,2015-01-01,2015-12-28,433.00001310231727,503.0378029827749,6.345520543288355,1.0,5.345520543288355,0.0,0.0,181.50578189671953,0.0,66.53062473919395,6.307750804232865,5.5,0.0,0.0,0.0,0.0,0.0,1,6,4,0,0,1
363,363,0.0,2.7199199999999997,11.976276,0.4567011746667646,0.7171614583333334,3.3600000000000003,1.3,2.0,2015-01-01,2015-12-29,433.90210772909376,504.1939547940883,6.35387085018408,1.0,5.35387085018408,0.0,0.0,181.95276908886999,0.0,66.61522653713801,6.311520719784557,5.5,0.0,0.0,0.0,0.0,0.0,1,6,4,0,0,1
364,364,0.0,6.836745,8.890824,0.4765280215584941,1.7184635416666667,9.370416666666666,1.3,7.0,2015-01-01,2015-12-30,434.8040811728506,505.34865991918196,6.362215697207585,1.0,5.362215697207585,0.0,0.0,182.4001215157294,0.0,66.69977301795275,6.3152843755234915,5.5,0.0,3.5,0.0,0.0,0.0,1,6,4,0,0,1
365,365,0.0,6.533399999999999,12.712971,0.5500138681224627,1.108871527777778,6.0,1.3,4.0,2015-01-01,2015-12-31,435.7059339161914,506.5019147861618,6.370555101811799,1.0,5.370555101811799,0.0,0.0,182.8478397147051,0.0,66.78426435846397,6.319041841042836,5.5,0.0,0.0,0.0,0.0,0.0,1,6,4,0,0,1
366,1,0.0,8.240798999999999,13.128986999999999,0.5990405966312218,1.762708333333333,6.800416666666667,1.3,5.0,2015-01-01,2016-01-01,436.6076664535279,507.65371585658943,6.378889081487909,1.0,5.378889081487909,0.0,0.0,183.29592422309048,0.0,66.86870073588489,6.322793185626022,5.5,0.0,0.0,0.0,0.0,0.0,1,6,4,0,0,1
367,2,0.0,2.5444132499999994,10.277543999999999,0.4225292261423873,1.2851822916666666,14.366666666666667,1.3,3.0,2015-01-01,2016-01-02,437.5092792909422,508.804059625385,6.387217653764283,1.0,5.387217653764283,0.0,0.0,183.74437557808093,0.0,66.95308232780569,6.326538478244534,5.5,0.0,3.5,0.0,0.0,0.0,1,6,4,0,0,1
368,3,0.0,0.9691859999999997,6.810744,0.3415498236302275,0.7578559027777777,16.32,1.3,1.0,2015-01-01,2016-01-03,438.4107729460494,509.9529426207332,6.395540836205428,1.0,5.395540836205428,0.0,0.0,184.19319431678912,0.0,67.0374093121825,6.330277787555543,5.5,0.0,3.5,0.0,0.0,0.0,1,6,4,0,0,1
369,4,0.0,0.2671589999999995,7.686111,0.3440873385898302,0.666015625,16.32,1.3,5.0,2015-01-01,2016-01-04,439.3121479478614,511.1003614039864,6.403858646410916,1.0,5.403858646410916,0.0,0.0,184.64238097626017,0.0,67.1216818673268,6.334011181899969,5.5,0.0,3.5,0.0,0.0,0.0,1,6,4,0,0,1
370,5,0.0,6.273389999999999,10.762896,0.5027781444746694,0.5759982638888888,16.32,1.3,6.0,2015-01-01,2016-01-05,440.2134048366522,512.2463125695674,6.412171102014376,1.0,5.412171102014376,0.0,0.0,185.0919360934866,0.0,67.20590017189511,6.337738729299955,5.5,0.0,0.0,0.0,0.0,0.0,1,6,4,0,0,1
371,6,0.0,4.747998,11.629596,0.489410861138808,0.6353038194444445,16.32,1.3,4.0,2015-01-01,2016-01-06,441.1145441638241,513.390792744873,6.420478220682449,1.0,5.420478220682449,0.0,0.0,185.54186020542284,0.0,67.2900644048784,6.341460497457598,5.5,0.0,0.0,0.0,0.0,0.0,1,6,4,0,0,1
372,7,0.0,4.36665,14.689046999999999,0.5457897616430448,0.6920659722222222,16.32,1.3,3.0,2015-01-01,2016-01-07,442.01556649177525,514.5337985901768,6.428780020113801,1.0,5.428780020113801,0.0,0.0,185.9921538490001,0.0,67.37417474559209,6.345176553752111,5.5,0.0,0.0,0.0,0.0,0.0,1,6,4,0,0,1
373,8,0.0,9.020828999999999,13.935018,0.6381338382660183,1.4785243055555555,12.21875,1.3,7.0,2015-01-01,2016-01-08,442.91647239376744,515.6753267985307,6.4370765180380936,1.0,5.4370765180380936,0.0,0.0,186.44281756114003,0.0,67.45823137366568,6.348886965239002,5.5,0.0,0.0,0.0,0.0,0.0,1,6,4,0,0,1
374,9,0.0,8.483475,12.322956,0.5856720296492238,1.1262413194444445,17.68583333333333,1.3,7.0,2015-01-01,2016-01-09,443.81726245379684,516.8153740956664,6.4453677322150265,1.0,5.4453677322150265,0.0,0.0,186.89385187876945,0.0,67.542234469033,6.35259179864703,5.5,0.0,0.0,0.0,0.0,0.0,1,6,4,0,0,1
375,10,0.0,2.1247859999999994,11.178912,0.4310894363805256,1.2822135416666667,6.377916666666668,1.3,2.0,2015-01-01,2016-01-10,444.7179372664632,517.9539372398979,6.453653680433336,1.0,5.453653680433336,0.0,0.0,187.3452573388334,0.0,67.62618421192202,6.356291120377735,5.5,0.0,0.0,0.0,0.0,0.0,1,6,4,0,0,1
376,11,0.0,2.1045629999999993,10.511553,0.4189176129478068,0.8654427083333334,3.3600000000000003,1.3,3.0,2015-01-01,2016-01-11,445.6184974368428,519.0910130220213,6.461934380509853,1.0,5.461934380509853,0.0,0.0,187.79703447830937,0.0,67.71008078284535,6.3599849965026225,5.5,0.0,0.0,0.0,0.0,0.0,1,6,4,0,0,1
377,12,0.0,5.814038999999999,12.374958,0.5269477572899949,0.5643489583333333,3.3600000000000003,1.3,5.0,2015-01-01,2016-01-12,446.5189435803606,520.2265982652165,6.470209850288534,1.0,5.470209850288534,0.0,0.0,188.24918383422022,0.0,67.79392436259052,6.363673492762561,5.5,0.0,0.0,0.0,0.0,0.0,1,6,4,0,0,1
378,13,0.0,5.034008999999999,13.735676999999999,0.5395072491437245,0.5797743055555555,3.3600000000000003,1.3,0.0,2015-01-01,2016-01-13,447.4192763226645,521.3606898249463,6.4784801076395215,1.0,5.4784801076395215,0.0,0.0,188.7017059436477,0.0,67.87771513221023,6.3673566745653325,5.5,0.0,0.0,0.0,0.0,0.0,1,6,4,0,0,1
379,14,0.0,8.171463,15.443075999999998,0.6550186200553089,0.6188715277777778,3.3600000000000003,1.3,0.0,2015-01-01,2016-01-14,448.3194962994997,522.4932845888577,6.486745170458219,1.0,5.486745170458219,0.0,0.0,189.1546013437452,0.0,67.96145327301322,6.371034606984864,5.5,0.0,0.0,0.0,0.0,0.0,1,6,4,0,0,1
380,15,0.0,5.806094249999999,15.599082,0.5998893235623428,0.4831684027777778,3.3600000000000003,1.3,2.0,2015-01-01,2016-01-15,449.21960415658543,523.6243794766801,6.495005056664365,1.0,5.495005056664365,0.0,0.0,189.60787057175062,0.0,68.04513896655475,6.374707354759478,5.5,0.0,0.0,0.0,0.0,0.0,1,6,4,0,0,1
381,16,0.0,3.9072989999999996,13.354329,0.5074245718659565,0.5778385416666666,3.3600000000000003,1.3,2.0,2015-01-01,2016-01-16,450.1196005494917,524.7539714401256,6.503259784201125,1.0,5.503259784201125,0.0,0.0,190.06151416499898,0.0,68.12877239462743,6.378374982290355,5.5,0.0,0.0,0.0,0.0,0.0,1,6,4,0,0,1
382,17,0.0,4.5659909999999995,13.267658999999998,0.5193899674167745,0.9914756944444445,3.3600000000000003,1.3,1.0,2015-01-01,2016-01-17,451.0194861435172,525.8820574627871,6.511509371034197,1.0,5.511509371034197,0.0,0.0,190.51553266093464,0.0,68.21235373925212,6.38203755364056,5.5,0.0,0.0,0.0,0.0,0.0,1,6,4,0,0,1
383,18,0.0,6.308058,14.021688000000001,0.5745663072374317,1.4891666666666665,3.3600000000000003,1.3,0.0,2015-01-01,2016-01-18,451.91926161356866,527.0086345600373,6.519753835150919,1.0,5.519753835150919,0.0,0.0,190.96992659712376,0.0,68.295883182669,6.38569513253359,5.5,0.0,0.0,0.0,0.0,0.0,1,6,4,0,0,1
384,19,0.0,9.48018,14.065023,0.6532229367841921,1.7472395833333332,3.3600000000000003,1.3,2.0,2015-01-01,2016-01-19,452.8189276440412,528.1336997789275,6.527993194559394,1.0,5.527993194559394,0.0,0.0,191.424696511266,0.0,68.37936090732859,6.389347782352543,5.5,0.0,0.0,0.0,0.0,0.0,1,6,4,0,0,1
385,20,0.0,10.650224999999999,15.989097000000001,0.7377123353280413,0.7681423611111111,3.3600000000000003,1.3,3.0,2015-01-01,2016-01-20,453.71848492869907,529.2572501980841,6.536227467287627,1.0,5.536227467287627,0.0,0.0,191.8798429412068,0.0,68.46278709588302,6.392995566138188,5.5,0.0,0.0,0.0,0.0,0.0,1,6,4,0,0,1
386,21,0.0,8.890824,16.361778,0.6987257591546219,0.762734375,3.3600000000000003,1.3,2.0,2015-01-01,2016-01-21,454.6179341705582,530.3792829276077,6.544456671382659,1.0,5.544456671382659,0.0,0.0,192.33536642494843,0.0,68.5461619311774,6.396638546588728,5.5,0.0,0.0,0.0,0.0,0.0,1,6,4,0,0,1
387,22,0.0,8.899491,15.885092999999998,0.6859834808163519,0.7875173611111111,3.38875,1.3,2.0,2015-01-01,2016-01-22,455.51727608176947,531.4997951089698,6.552680824909728,1.0,5.552680824909728,0.0,0.0,192.79126750066192,0.0,68.62948559624105,6.400276786058669,5.5,0.0,0.0,0.0,0.0,0.0,1,6,4,0,0,1
388,23,0.0,10.806231,12.77364,0.6541202357174982,1.0965104166666668,10.092916666666666,1.3,8.0,2015-01-01,2016-01-23,456.4165113835028,532.6187839149095,6.560899945951437,1.0,5.560899945951437,0.0,0.0,193.2475467066983,0.0,68.71275827427934,6.40391034655699,5.5,0.0,0.0,0.0,0.0,0.0,1,6,4,0,0,1
389,24,0.0,10.240709249999998,15.521079,0.7128251070889268,1.363480902777778,7.38875,1.3,5.0,2015-01-01,2016-01-24,457.31564080583223,533.7362465493311,6.5691140526069205,1.0,5.5691140526069205,0.0,0.0,193.70420458159947,0.0,68.79598014866508,6.407539289747402,5.5,0.0,0.0,0.0,0.0,0.0,1,6,4,0,0,1
390,25,0.0,5.76564825,10.719560999999999,0.4915730912408068,0.4543315972222222,7.631666666666667,1.3,3.0,2015-01-01,2016-01-25,458.21466508762245,534.8521802471998,6.577323162991032,1.0,5.577323162991032,0.0,0.0,194.1612416641095,0.0,68.8791514029303,6.4111636769467815,5.5,0.0,0.0,0.0,0.0,0.0,1,6,4,0,0,1
391,26,0.0,2.9495954999999996,7.547439,0.3832931779351739,0.6885243055555555,5.04,1.3,4.0,2015-01-01,2016-01-26,459.11358497641595,535.9665822744391,6.585527295233538,1.0,5.585527295233538,0.0,0.0,194.61865849318508,0.0,68.96227222075822,6.4147835691246105,5.5,0.0,0.0,0.0,0.0,0.0,1,6,4,0,0,1
392,27,0.0,-2.30694,5.944044,0.2856294203285369,0.7148003472222222,5.04,1.3,3.0,2015-01-01,2016-01-27,460.0124012283212,537.0794499278252,6.593726467478323,1.0,5.593726467478323,0.0,0.0,195.07645560800654,0.0,69.04534278597507,6.418399026901861,5.5,0.0,3.5,0.0,0.0,0.0,1,6,4,0,0,1
393,28,0.0,-3.7283280000000003,5.389355999999999,0.2619389504480415,0.6824045138888889,5.04,1.3,2.0,2015-01-01,2016-01-28,460.91111460790165,538.1907805348835,6.601920697882606,1.0,5.601920697882606,0.0,0.0,195.53463354798782,0.0,69.12836328254211,6.4220101105510485,5.5,0.0,3.5,0.0,0.0,0.0,1,6,4,0,0,1
394,29,0.0,-3.416316000000001,7.495437,0.2911814937962959,0.6211892361111111,5.04,1.3,1.0,2015-01-01,2016-01-29,461.809725888066,539.3005714537841,6.610110004616153,1.0,5.610110004616153,0.0,0.0,195.99319285278733,0.0,69.21133389454779,6.425616879994788,5.5,0.0,0.0,0.0,0.0,0.0,1,6,4,0,0,1
395,30,0.0,-2.3936100000000016,9.670853999999999,0.3342844493286068,0.5201302083333335,5.04,1.3,3.0,2015-01-01,2016-01-30,462.7082358499596,540.4088200732372,6.618294405860525,1.0,5.618294405860525,0.0,0.0,196.45213406231775,0.0,69.29425480620002,6.429219394805521,5.5,0.0,0.0,0.0,0.0,0.0,1,6,4,0,0,1
396,31,0.0,3.6732899999999997,11.421588,0.4642772215713026,0.7642534722222222,5.04,1.3,6.0,2015-01-01,2016-01-31,463.6066452828557,541.5155238123873,6.626473919808307,1.0,5.626473919808307,0.0,0.0,196.91145771675608,0.0,69.37712620181847,6.43281771420501,5.5,0.0,0.0,0.0,0.0,0.0,1,6,4,0,0,1
397,32,0.0,4.340648999999999,10.806231,0.4652735388153225,0.754765625,5.04,1.3,2.0,2015-01-01,2016-02-01,464.5049549840495,542.6206801207085,6.63464856466237,1.0,5.63464856466237,0.0,0.0,197.37116435655355,0.0,69.45994826582691,6.436411897063726,5.5,0.0,0.0,0.0,0.0,0.0,1,6,4,0,0,1
398,33,0.0,5.224683,12.288288,0.5126517956720767,0.5325086805555556,5.04,1.3,8.0,2015-01-01,2016-02-02,465.4031657587512,543.7242864778989,6.642818358635126,1.0,5.642818358635126,0.0,0.0,197.83125452244548,0.0,69.5427211827459,6.440002001900348,5.5,0.0,0.0,0.0,0.0,0.0,1,6,4,0,0,1
399,34,0.0,1.4523712499999997,11.794269,0.4300676221014419,0.7856770833333333,3.31875,1.3,3.0,2015-01-01,2016-02-03,466.3012784199813,544.8263403937748,6.650983319947803,1.0,5.650983319947803,0.0,0.0,198.2917287554605,0.0,69.62544513718521,6.443588086881686,5.5,0.0,0.0,0.0,0.0,0.0,1,6,4,0,0,1
400,35,0.0,0.7785120000000001,13.094319,0.4413997334134805,0.4823958333333334,2.88,1.3,0.0,2015-01-01,2016-02-04,467.1992937884667,545.9268394081649,6.659143466829713,1.0,5.659143466829713,0.0,0.0,198.75258759693034,0.0,69.70812031383657,6.447170209821492,5.5,0.0,0.0,0.0,0.0,0.0,1,6,4,0,0,1
401,36,0.0,5.6667,15.859092,0.6027898902223049,0.6859288194444444,2.88,1.3,1.0,2015-01-01,2016-02-05,468.09721269253686,547.0257810908037,6.667298817517556,1.0,5.667298817517556,0.0,0.0,199.21383158849886,0.0,69.7907468974666,6.450748428181302,5.5,0.0,0.0,0.0,0.0,0.0,1,6,4,0,0,1
402,37,0.0,8.830155,18.511194,0.7581693442681166,0.74625,3.5179166666666664,1.3,4.0,2015-01-01,2016-02-06,468.9950359680217,548.1231630412258,6.675449390254712,1.0,5.675449390254712,0.0,0.0,199.67546127213137,0.0,69.87332507290951,6.454322799068937,5.5,0.0,0.0,0.0,0.0,0.0,1,6,4,0,0,1
403,38,0.0,9.628241249999999,16.379112,0.719713845920643,1.0843836805555556,6.718333333333333,1.3,5.0,2015-01-01,2016-02-07,469.89276445815045,549.2189828886588,6.6835952032905395,1.0,5.6835952032905395,0.0,0.0,200.13747719012352,0.0,69.95585502506013,6.45789337923928,5.5,0.0,0.0,0.0,0.0,0.0,1,6,4,0,0,1
404,39,0.0,-1.084893000000001,9.566849999999999,0.3519301327638949,1.5116753472222222,14.34375,1.3,5.0,2015-01-01,2016-02-08,470.7903990134506,550.3132382919168,6.6917362748796965,1.0,5.6917362748796965,0.0,0.0,200.59987988511023,0.0,70.038336938867,6.461460225093508,5.5,0.0,3.5,0.0,0.0,0.0,1,6,4,0,0,1
405,40,0.0,-3.364314000000001,5.181348,0.2637437496124853,1.27015625,14.4,1.3,1.0,2015-01-01,2016-02-09,471.687940491649,551.4059269392933,6.699872623281466,1.0,5.699872623281466,0.0,0.0,201.06266990007458,0.0,70.12077099932549,6.4650233926788445,5.5,0.0,3.5,0.0,0.0,0.0,1,6,4,0,0,1
406,41,0.0,-3.450984000000001,7.469436,0.2904138256044949,0.700060763888889,14.4,1.3,3.0,2015-01-01,2016-02-10,472.5853897575724,552.497046548454,6.7080042667590885,1.0,5.7080042667590885,0.0,0.0,201.5258477783563,0.0,70.20315739147104,6.468582937688861,5.5,0.0,3.5,0.0,0.0,0.0,1,6,4,0,0,1
407,42,0.0,-1.636692,8.058792,0.3222388911589188,0.4286111111111111,14.4,1.3,3.0,2015-01-01,2016-02-11,473.4827476830499,553.5865948663304,6.716131223579095,1.0,5.716131223579095,0.0,0.0,201.98941406366012,0.0,70.2854963003725,6.472138915463354,5.5,0.0,0.0,0.0,0.0,0.0,1,6,4,0,0,1
408,43,0.0,-2.0209289999999998,11.690265,0.3701235515634605,0.4860243055555556,14.4,1.3,0.0,2015-01-01,2016-02-12,474.3800151468167,554.6745696690108,6.724253512010662,1.0,5.724253512010662,0.0,0.0,202.4533693000646,0.0,70.36778791112549,6.475691380987735,5.5,0.0,0.0,0.0,0.0,0.0,1,6,4,0,0,1
409,44,0.0,-0.4002000000000008,12.929646000000002,0.4174051147717293,0.38752604166666665,14.4,1.3,0.0,2015-01-01,2016-02-13,475.2771930344167,555.7609687616341,6.732371150324969,1.0,5.732371150324969,0.0,0.0,202.91771403202998,0.0,70.45003240884587,6.4792403888938015,5.5,0.0,0.0,0.0,0.0,0.0,1,6,4,0,0,1
410,45,0.0,3.7252919999999996,13.336995,0.5033123472287311,0.6168402777777778,14.4,1.3,4.0,2015-01-01,2016-02-14,476.1742822381086,556.8457899782804,6.74048415679457,1.0,5.74048415679457,0.0,0.0,203.38244880440652,0.0,70.53222997866352,6.482785993459341,5.5,0.0,0.0,0.0,0.0,0.0,1,6,4,0,0,1
411,46,0.0,5.025341999999999,15.027059999999999,0.5681905995772678,0.5541145833333334,14.4,1.3,0.0,2015-01-01,2016-02-15,477.07128365677085,557.9290311818656,6.748592549692755,1.0,5.748592549692755,0.0,0.0,203.84757416244258,0.0,70.6143808057157,6.486328248608078,5.5,0.0,0.0,0.0,0.0,0.0,1,6,4,0,0,1
412,47,0.0,4.583324999999999,16.361778,0.5889381144398547,0.6832118055555556,14.4,1.3,0.0,2015-01-01,2016-02-16,477.9681981958082,559.0106902640302,6.756696347292934,1.0,5.756696347292934,0.0,0.0,204.3130906517923,0.0,70.69648507514093,6.489867207910297,5.5,0.0,0.0,0.0,0.0,0.0,1,6,4,0,0,1
413,48,0.0,5.502027,15.139731000000001,0.581814300388439,1.0338888888888889,14.4,1.3,1.0,2015-01-01,2016-02-17,478.86502676705953,560.0907651450337,6.764795567868043,1.0,5.764795567868043,0.0,0.0,204.77899881852363,0.0,70.7785429720729,6.49340292458263,5.5,0.0,0.0,0.0,0.0,0.0,1,6,4,0,0,1
414,49,0.0,5.779370999999999,16.049766,0.610139430602671,0.6285416666666666,14.4,1.3,1.0,2015-01-01,2016-02-18,479.761770288706,561.1692537736446,6.772890229689923,1.0,5.772890229689923,0.0,0.0,205.24529920912616,0.0,70.86055468163426,6.496935451488166,5.5,0.0,0.0,0.0,0.0,0.0,1,6,4,0,0,1
415,50,0.0,8.752151999999999,16.734459,0.7051746773481338,0.6724652777777778,14.4,1.3,4.0,2015-01-01,2016-02-19,480.65842968517956,562.2461541270325,6.780980351028738,1.0,5.780980351028738,0.0,0.0,205.71199237051823,0.0,70.94252038893057,6.5004648411367665,5.5,0.0,0.0,0.0,0.0,0.0,1,6,4,0,0,1
416,51,0.0,10.511553,15.434408999999999,0.7179861914506595,1.0868229166666665,10.569166666666668,1.3,6.0,2015-01-01,2016-02-20,481.5550058870739,563.3214642106594,6.789065950152379,1.0,5.789065950152379,0.0,0.0,206.1790788500549,0.0,71.02444027904447,6.503991145685784,5.5,0.0,0.0,0.0,0.0,0.0,1,6,4,0,0,1
417,52,0.0,10.008866999999999,18.502527,0.7933747046338451,1.0055642361111112,3.3600000000000003,1.3,3.0,2015-01-01,2016-02-21,482.45149983105426,564.3951820581714,6.797147045325908,1.0,5.797147045325908,0.0,0.0,206.64655919553508,0.0,71.10631453702985,6.507514416939367,5.5,0.0,0.0,0.0,0.0,0.0,1,6,4,0,0,1
418,53,0.0,14.489705999999998,20.357264999999998,1.010121373006009,2.203671875,3.3600000000000003,1.3,6.0,2015-01-01,2016-02-22,483.34791245976953,565.4673057312888,6.805223654810946,1.0,5.805223654810946,0.0,0.0,207.1144339552089,0.0,71.18814334790578,6.511034706349841,5.5,0.0,0.0,0.0,0.0,0.0,1,6,4,0,0,1
419,54,0.0,14.021688000000001,23.468718,1.114914185128007,1.781918402777778,4.183333333333334,1.3,3.0,2015-01-01,2016-02-23,484.24424472176486,566.5378333196979,6.81329579686516,1.0,5.81329579686516,0.0,0.0,207.58270367778493,0.0,71.26992689665128,6.514552065017174,5.5,0.0,0.0,0.0,0.0,0.0,1,6,4,0,0,1
420,55,0.0,8.44086225,14.741049,0.6438849943570571,0.646953125,6.65125,1.3,4.0,2015-01-01,2016-02-24,485.14049757139435,567.6067629409424,6.821363489741665,1.0,5.821363489741665,0.0,0.0,208.05136891243717,0.0,71.35166536819924,6.518066543689874,5.5,0.0,0.0,0.0,0.0,0.0,1,6,4,0,0,1
421,56,0.0,8.327469,17.8005,0.7231188370913986,0.5521354166666665,3.6,1.3,0.0,2015-01-01,2016-02-25,486.0366719687354,568.6740927403123,6.829426751688501,1.0,5.829426751688501,0.0,0.0,208.520430208812,0.0,71.43335894743112,6.521578192765686,5.5,0.0,0.0,0.0,0.0,0.0,1,6,4,0,0,1
422,57,0.0,10.130205,19.837245000000003,0.8391878264347203,0.4637152777777778,3.6,1.3,3.0,2015-01-01,2016-02-26,486.93276887950395,569.7398208907372,6.837485600948093,1.0,5.837485600948093,0.0,0.0,208.9898881170355,0.0,71.51500781917146,6.525087062290943,5.5,0.0,0.0,0.0,0.0,0.0,1,6,4,0,0,1
423,58,0.0,11.7336,20.036586,0.8991189123284715,1.1614583333333333,3.6,1.3,5.0,2015-01-01,2016-02-27,487.82878927496927,570.8039455926746,6.845540055756697,1.0,5.845540055756697,0.0,0.0,209.45974318771954,0.0,71.59661216818239,6.528593201962229,5.5,0.0,0.0,0.0,0.0,0.0,1,6,4,0,0,1
424,59,0.0,11.005572,16.353111,0.7586807056545086,0.8379340277777777,9.202916666666669,1.3,7.0,2015-01-01,2016-02-28,488.7247341318712,571.8664650740021,6.85359013434389,1.0,5.85359013434389,0.0,0.0,209.9299959719692,0.0,71.67817217915831,6.532096661126269,5.5,0.0,0.0,0.0,0.0,0.0,1,6,4,0,0,1
425,60,0.0,10.12370475,14.524374000000002,0.6823057306485016,1.5145746527777777,3.9879166666666666,1.3,7.0,2015-01-01,2016-02-29,489.6206044323372,572.9273775899072,6.861635854932057,1.0,5.861635854932057,0.0,0.0,210.40064702138898,0.0,71.75968803672075,6.535597488780553,5.5,0.0,0.0,0.0,0.0,0.0,1,6,4,0,0,1
426,61,0.0,8.0255685,17.037803999999998,0.693548915739667,1.095199652777778,3.12,1.3,1.0,2015-01-01,2016-03-01,490.5164011638001,573.9866814227777,6.869677235735861,1.0,5.869677235735861,0.0,0.0,210.87169688808956,0.0,71.84115992541298,6.53909573357401,5.5,0.0,0.0,0.0,0.0,0.0,1,6,4,0,0,1
427,62,0.0,7.521438,18.268518,0.7136123281108147,0.7846701388888889,3.12,1.3,0.0,2015-01-01,2016-03-02,491.4121253189172,575.0443748820917,6.877714294961752,1.0,5.877714294961752,0.0,0.0,211.34314612469407,0.0,71.92258802969518,6.542591443807307,5.5,0.0,0.0,0.0,0.0,0.0,1,6,4,0,0,1
428,63,0.0,10.450883999999999,17.930505,0.7893932901059739,1.2208767361111112,3.12,1.3,4.0,2015-01-01,2016-03-03,492.3077778954897,576.1004563043086,6.885747050807463,1.0,5.885747050807463,0.0,0.0,211.81499528434466,0.0,72.00397253393909,6.546084667434183,5.5,0.0,0.0,0.0,0.0,0.0,1,6,4,0,0,1
429,64,0.0,10.710894,18.996546000000002,0.8308403392701353,0.486076388888889,3.12,1.3,4.0,2015-01-01,2016-03-04,493.20335989638374,577.1549240527589,6.89377552146153,1.0,5.89377552146153,0.0,0.0,212.28724492070882,0.0,72.08531362242324,6.549575452060987,5.5,0.0,0.0,0.0,0.0,0.0,1,6,4,0,0,1
430,65,0.0,12.704304,21.631314000000003,0.990879522102308,0.5234461805555556,3.12,1.3,2.0,2015-01-01,2016-03-05,494.09887232945,578.2077765175346,6.901799725102788,1.0,5.901799725102788,0.0,0.0,212.75989558798534,0.0,72.16661147932807,6.553063844948406,5.5,0.0,0.0,0.0,0.0,0.0,1,6,4,0,0,1
431,66,0.0,12.493407000000001,22.238004,1.005744488883896,1.046388888888889,3.12,1.3,4.0,2015-01-01,2016-03-06,494.9943162074472,579.2590121153786,6.909819679899915,1.0,5.909819679899915,0.0,0.0,213.23294784091075,0.0,72.24786628873086,6.556549893011349,5.5,0.0,0.0,0.0,0.0,0.0,1,6,4,0,0,1
432,67,0.0,7.790115,17.939172,0.7119177249783306,1.2242534722222222,3.12,1.3,0.0,2015-01-01,2016-03-07,495.8896925479636,580.3086292895755,6.91783540401095,1.0,5.91783540401095,0.0,0.0,213.70640223476522,0.0,72.32907823460133,6.560033642820652,5.5,0.0,0.0,0.0,0.0,0.0,1,6,4,0,0,1
433,68,0.0,7.495437,18.355188000000002,0.7153104804007471,0.4390190972222222,3.12,1.3,0.0,2015-01-01,2016-03-08,496.78500237334157,581.3566265098412,6.925846915582829,1.0,5.925846915582829,0.0,0.0,214.1802593253787,0.0,72.41024750079652,6.563515140602227,5.5,0.0,0.0,0.0,0.0,0.0,1,6,4,0,0,1
434,69,0.0,9.272172,19.941249,0.8151809861181528,0.5180642361111111,3.12,1.3,1.0,2015-01-01,2016-03-09,497.6802467106001,582.4030022722133,6.933854232750933,1.0,5.933854232750933,0.0,0.0,214.65451966913665,0.0,72.49137427105651,6.566994432239882,5.5,0.0,0.0,0.0,0.0,0.0,1,6,4,0,0,1
435,70,0.0,10.156206,20.851284,0.8733195781163312,0.483125,3.12,1.3,0.0,2015-01-01,2016-03-10,498.575426591361,583.4477550989401,6.9418573736386335,1.0,5.9418573736386335,0.0,0.0,215.12918382298602,0.0,72.57245872899969,6.57047156327423,5.5,0.0,0.0,0.0,0.0,0.0,1,6,4,0,0,1
436,71,0.0,11.967609,19.005213,0.8721624980490716,0.6659114583333333,3.12,1.3,6.0,2015-01-01,2016-03-11,499.47054305177437,584.4908835383717,6.949856356356853,1.0,5.949856356356853,0.0,0.0,215.6042523444412,0.0,72.65350105811834,6.573946578904645,5.5,0.0,0.0,0.0,0.0,0.0,1,6,4,0,0,1
437,72,0.0,10.182207,20.721279000000003,0.8698523783047094,1.1971875,3.12,1.3,1.0,2015-01-01,2016-03-12,500.3655971324441,585.5323861648492,6.957851199003625,1.0,5.957851199003625,0.0,0.0,216.07972579158917,0.0,72.73450144177404,6.577419523989882,5.5,0.0,0.0,0.0,0.0,0.0,1,6,4,0,0,1
438,73,0.0,10.294878,19.161219,0.8228405701561676,1.1351822916666665,5.095,1.3,1.0,2015-01-01,2016-03-13,501.26058987835563,586.5722615785945,6.965841919663657,1.0,5.965841919663657,0.0,0.0,216.55560472309605,0.0,72.81546006319356,6.580890443048357,5.5,0.0,0.0,0.0,0.0,0.0,1,6,4,0,0,1
439,74,0.0,10.121538,19.265223,0.8206456882558675,1.721328125,6.306666666666667,1.3,4.0,2015-01-01,2016-03-14,502.1555223388035,587.6105084056003,6.973828536407915,1.0,5.973828536407915,0.0,0.0,217.03188969821178,0.0,72.89637710546423,6.5843593802603095,5.5,0.0,0.0,0.0,0.0,0.0,1,6,4,0,0,1
440,75,0.0,10.225542,19.265223,0.8239399450589037,1.6701302083333334,6.577916666666667,1.3,4.0,2015-01-01,2016-03-15,503.05039556732015,588.6471252975206,6.981811067293199,1.0,5.981811067293199,0.0,0.0,217.50858127677628,0.0,72.97725275152996,6.587826379466719,5.5,0.0,0.0,0.0,0.0,0.0,1,6,4,0,0,1
441,76,0.0,9.884640000000001,15.503744999999999,0.7024613717739167,0.8294184027777778,6.965833333333333,1.3,5.0,2015-01-01,2016-03-16,503.94521062160413,589.6821109315586,6.989789530361728,1.0,5.989789530361728,0.0,0.0,217.9856800192245,0.0,73.058087184187,6.5912914841726575,5.5,0.0,0.0,0.0,0.0,0.0,1,6,4,0,0,1
442,77,0.0,3.9159659999999996,10.78023,0.4567011746667646,0.6239322916666666,10.1,1.3,5.0,2015-01-01,2016-03-17,504.8399685634515,590.7154640103594,6.9977639436407415,1.0,5.9977639436407415,0.0,0.0,218.46318648659218,0.0,73.13888058607968,6.594754737546109,5.5,0.0,0.0,0.0,0.0,0.0,1,6,4,0,0,1
443,78,0.0,2.7545879999999996,13.310994,0.483189228586644,1.28140625,8.64,1.3,2.0,2015-01-01,2016-03-18,505.73467045868506,591.7471832618968,7.005734325142095,1.0,6.005734325142095,0.0,0.0,218.94110124052094,0.0,73.21963313969658,6.598216182419932,5.5,0.0,0.0,0.0,0.0,0.0,1,6,4,0,0,1
444,79,0.0,4.643993999999999,16.387779,0.5909875608099572,1.183559027777778,8.64,1.3,0.0,2015-01-01,2016-03-19,506.6293173770863,592.7772674393657,7.013700692861856,1.0,6.013700692861856,0.0,0.0,219.4194248432636,0.0,73.3003450273663,6.6016758612931,5.5,0.0,0.0,0.0,0.0,0.0,1,6,4,0,0,1
445,80,0.0,6.178052999999999,17.878503,0.6665686480052461,1.1949913194444444,7.204166666666668,1.3,5.0,2015-01-01,2016-03-20,507.5239103923272,593.8057153210701,7.021663064779937,1.0,6.021663064779937,0.0,0.0,219.89815785768963,0.0,73.38101643125371,6.605133816330733,5.5,0.0,0.0,0.0,0.0,0.0,1,6,4,0,0,1
446,81,0.0,12.478962,17.488488,0.8391878264347203,0.7836892361111111,10.048333333333334,1.3,6.0,2015-01-01,2016-03-21,508.418450581903,594.8325257103141,7.029621458859689,1.0,6.029621458859689,0.0,0.0,220.37730084728992,0.0,73.46164753335599,6.608590089366099,5.5,0.0,0.0,0.0,0.0,0.0,1,6,4,0,0,1
447,82,0.0,7.991622749999999,15.659751,0.6559743439513821,0.4815451388888889,8.9625,1.3,5.0,2015-01-01,2016-03-22,509.3129390270652,595.8576974352917,7.037575893047539,1.0,6.037575893047539,0.0,0.0,220.8568543761823,0.0,73.54223851549875,6.6120447219012455,5.5,0.0,0.0,0.0,0.0,0.0,1,6,4,0,0,1
448,83,0.0,7.469436,15.313071,0.6337547067239179,1.2685069444444443,5.76,1.3,1.0,2015-01-01,2016-03-23,510.20737681275625,596.8812293489755,7.045526385272618,1.0,6.045526385272618,0.0,0.0,221.33681900911662,0.0,73.6227895593324,6.61549775510748,5.5,0.0,0.0,0.0,0.0,0.0,1,6,4,0,0,1
449,84,0.0,7.989456,19.551234,0.7640683458638837,0.7089756944444444,5.76,1.3,3.0,2015-01-01,2016-03-24,511.1017650275433,597.9031203290081,7.053472953446386,1.0,6.053472953446386,0.0,0.0,221.81719531147922,0.0,73.70330084632833,6.618949229827562,5.5,0.0,0.0,0.0,0.0,0.0,1,6,4,0,0,1
450,85,0.0,12.158283,21.388638,0.9618320245791896,0.6768402777777778,5.0495833333333335,1.3,7.0,2015-01-01,2016-03-25,511.9961047635541,598.9233692775916,7.061415615462283,1.0,6.061415615462283,0.0,0.0,222.2979838492986,0.0,73.78377255777538,6.622399186576195,5.5,0.0,0.0,0.0,0.0,0.0,1,6,4,0,0,1
451,86,0.0,13.016316,17.878503,0.8695639917158784,1.0385069444444444,12.375833333333333,1.3,8.0,2015-01-01,2016-03-26,512.8903971164129,599.9419751213774,7.069354389195368,1.0,6.069354389195368,0.0,0.0,222.77918518924986,0.0,73.86420487477608,6.625847665540844,5.5,0.0,0.0,0.0,0.0,0.0,1,6,4,0,0,1
452,87,0.0,12.695637,15.304403999999998,0.7778156503791971,1.1035763888888885,23.77458333333333,1.3,8.0,2015-01-01,2016-03-27,513.7846431851773,600.958936811356,7.077289292501977,1.0,6.077289292501977,0.0,0.0,223.26079989865997,0.0,73.94459797824334,6.6292947065832175,5.5,0.0,0.0,0.0,0.0,0.0,1,6,4,0,0,1
453,88,0.0,12.7664175,18.025842,0.8661577906450357,0.9360243055555555,19.314166666666665,1.3,5.0,2015-01-01,2016-03-28,514.6788440722751,601.9742533227477,7.085220343219369,1.0,6.085220343219369,0.0,0.0,223.74282854551214,0.0,74.02495204889676,6.632740349240608,5.5,0.0,0.0,0.0,0.0,0.0,1,6,4,0,0,1
454,89,0.0,9.912807749999999,19.143885,0.8102675514517144,1.2868229166666667,12.322916666666666,1.3,3.0,2015-01-01,2016-03-29,515.5730008834421,602.9879236548923,7.093147559165391,1.0,6.093147559165391,0.0,0.0,224.22527169845105,0.0,74.10526726725931,6.636184632726325,5.5,0.0,0.0,0.0,0.0,0.0,1,6,4,0,0,1
455,90,0.0,8.153406749999998,16.613121,0.6854960064901875,1.267421875,8.874583333333334,1.3,1.0,2015-01-01,2016-03-30,516.4671147276616,603.9999468311398,7.101070958138164,1.0,6.101070958138164,0.0,0.0,224.70812992678725,0.0,74.18554381365405,6.639627595931855,5.5,0.0,0.0,0.0,0.0,0.0,1,6,4,0,0,1
456,91,0.0,7.356764999999999,16.387779,0.6583972473857599,0.6658680555555556,11.140416666666669,1.3,6.0,2015-01-01,2016-03-31,517.3611867171027,605.0103218987397,7.1089905579157175,1.0,6.1089905579157175,0.0,0.0,225.19140380050214,0.0,74.26578186820043,6.643069277426878,5.5,0.0,0.0,0.0,0.0,0.0,1,6,4,0,0,1
457,92,0.0,4.261923749999999,10.944903,0.4664244136896464,1.0731857638888889,6.862916666666667,1.3,7.0,2015-01-01,2016-04-01,518.2552179670605,606.0190479287321,7.116906376255712,1.0,6.116906376255712,0.0,0.0,225.6750938902524,0.0,74.34598161081172,6.646509715461445,5.5,0.0,0.0,0.0,0.0,0.0,1,6,4,0,0,1
458,93,0.0,3.2052719999999995,14.871054,0.5245409480508876,0.6968836805555555,2.88,1.3,0.0,2015-01-01,2016-04-02,519.1492095958962,607.0261240158379,7.124818430895081,1.0,6.124818430895081,0.0,0.0,226.15920076737484,0.0,74.42614322119096,6.649948947966665,5.5,0.0,0.0,0.0,0.0,0.0,1,6,4,0,0,1
459,94,0.0,6.594068999999999,17.999841,0.6808511242997444,0.5859114583333334,2.88,1.3,4.0,2015-01-01,2016-04-03,520.0431627249792,608.0315492783487,7.132726739549754,1.0,6.132726739549754,0.0,0.0,226.64372500389078,0.0,74.50626687882857,6.6533870125562125,5.5,0.0,0.0,0.0,0.0,0.0,1,6,4,0,0,1
460,95,0.0,9.628963500000001,17.861169,0.7625684138539206,1.1328732638888885,3.334583333333333,1.3,2.0,2015-01-01,2016-04-04,520.9370784786273,609.0353228580179,7.140631319914324,1.0,6.140631319914324,0.0,0.0,227.12866717251072,0.0,74.58635276299869,6.656823946526811,5.5,0.0,0.0,0.0,0.0,0.0,1,6,4,0,0,1
461,96,0.0,9.159501,20.721279000000003,0.8363971773064992,0.505625,3.12,1.3,2.0,2015-01-01,2016-04-05,521.8309579840502,610.0374439199512,7.14853218966176,1.0,6.14853218966176,0.0,0.0,227.61402784663866,0.0,74.66640105275641,6.660259786860745,5.5,0.0,0.0,0.0,0.0,0.0,1,6,4,0,0,1
462,97,0.0,11.249692499999998,20.859951000000002,0.9108152402121784,0.36363715277777775,3.12,1.3,2.0,2015-01-01,2016-04-06,522.724802371292,611.0379116524967,7.156429366443109,1.0,6.156429366443109,0.0,0.0,228.09980760037695,0.0,74.74641192693474,6.663694570226028,5.5,0.0,0.0,0.0,0.0,0.0,1,6,4,0,0,1
463,98,0.0,11.187579,21.891323999999997,0.944950823877684,0.8338281249999999,3.12,1.3,2.0,2015-01-01,2016-04-07,523.6186127731743,612.0367252671363,7.164322867887193,1.0,6.164322867887193,0.0,0.0,228.58600700853032,0.0,74.82638556414148,6.667128332978154,5.5,0.0,0.0,0.0,0.0,0.0,1,6,4,0,0,1
464,99,0.0,10.234209,21.111294,0.8846719878992823,0.8252777777777778,5.264166666666667,1.3,3.0,2015-01-01,2016-04-08,524.5123903252413,613.0338839983757,7.172212711600345,1.0,6.172212711600345,0.0,0.0,229.07262664661067,0.0,74.90632214275657,6.670561111160961,5.5,0.0,0.0,0.0,0.0,0.0,1,6,4,0,0,1
465,100,0.0,10.459551000000001,19.785242999999998,0.8481729780261024,0.30225694444444445,5.6570833333333335,1.3,1.0,2015-01-01,2016-04-09,525.4061361657034,614.0293871036364,7.180098915166098,1.0,6.180098915166098,0.0,0.0,229.559667090841,0.0,74.98622184092902,6.673992940508682,5.5,0.0,0.0,0.0,0.0,0.0,1,6,4,0,0,1
466,101,0.0,12.331623,20.296596,0.9289413041120148,0.5325260416666668,5.370416666666667,1.3,6.0,2015-01-01,2016-04-10,526.2998514353831,615.0232338631452,7.187981496144933,1.0,6.187981496144933,0.0,0.0,230.04712891816018,0.0,75.06608483657418,6.6774238564462784,5.5,0.0,0.0,0.0,0.0,0.0,1,6,4,0,0,1
467,102,0.0,13.362996,21.691982999999997,1.0180419020709972,0.6738715277777777,10.164583333333333,1.3,7.0,2015-01-01,2016-04-11,527.193537277661,616.0154235798267,7.195860472073995,1.0,6.195860472073995,0.0,0.0,230.53501270622704,0.0,75.14591130737108,6.680853894091656,5.5,0.0,0.0,0.0,0.0,0.0,1,6,4,0,0,1
468,103,0.0,14.611044,18.398523,0.9424721620861298,1.1309114583333333,10.097083333333334,1.3,7.0,2015-01-01,2016-04-12,528.0871948384217,617.0059555791934,7.203735860466826,1.0,6.203735860466826,0.0,0.0,231.02331903342463,0.0,75.22570143075954,6.684283088256157,5.5,0.0,0.0,0.0,0.0,0.0,1,6,4,0,0,1
469,104,0.0,13.24238025,17.488488,0.8641244818486727,0.7573611111111112,21.627916666666668,1.3,8.0,2015-01-01,2016-04-13,528.9808252660014,617.9948292092375,7.211607678813099,1.0,6.211607678813099,0.0,0.0,231.5120484788646,0.0,75.30545538393758,6.687711473446475,5.5,0.0,0.0,0.0,0.0,0.0,1,6,4,0,0,1
470,105,0.0,13.12032,21.371304000000002,0.9967155201503768,0.7855468750000001,12.63125,1.3,6.0,2015-01-01,2016-04-14,529.874429711135,618.9820438403226,7.21947594457837,1.0,6.21947594457837,0.0,0.0,232.00120162239142,0.0,75.38517334385885,6.691139083865807,5.5,0.0,0.0,0.0,0.0,0.0,1,6,4,0,0,1
471,106,0.0,11.612262000000001,18.069177,0.8300096187689129,0.6667100694444446,7.608333333333332,1.3,6.0,2015-01-01,2016-04-15,530.7680093269046,619.9675988650736,7.227340675203812,1.0,6.227340675203812,0.0,0.0,232.49077904458647,0.0,75.46485548722998,6.694565953414925,5.5,0.0,0.0,0.0,0.0,0.0,1,6,4,0,0,1
472,107,0.0,11.898273,20.556606,0.9228475201828846,1.5840538194444445,4.054583333333333,1.3,3.0,2015-01-01,2016-04-16,531.661565268688,620.9514936982702,7.2352018881059745,1.0,6.2352018881059745,0.0,0.0,232.98078132677222,0.0,75.54450199050814,6.6979921156940065,5.5,0.0,0.0,0.0,0.0,0.0,1,6,4,0,0,1
473,108,0.0,9.714189,18.849207,0.7949722080004493,1.6562760416666666,7.053333333333334,1.3,3.0,2015-01-01,2016-04-17,532.5550986941083,621.9337277767376,7.243059600676531,1.0,6.243059600676531,0.0,0.0,233.47120905101664,0.0,75.62411302989845,6.701417604003613,5.5,0.0,0.0,0.0,0.0,0.0,1,6,4,0,0,1
474,109,0.0,10.528887000000001,18.23385,0.801122205230045,0.5251736111111112,4.3812500000000005,1.3,3.0,2015-01-01,2016-04-18,533.4486107629832,622.914300559238,7.2509138302820455,1.0,6.2509138302820455,0.0,0.0,233.96206280013695,0.0,75.70368878135163,6.704842451346163,5.5,0.0,0.0,0.0,0.0,0.0,1,6,4,0,0,1
475,110,0.0,9.549516,19.230555,0.8016589593043122,0.5226736111111111,7.876666666666667,1.3,2.0,2015-01-01,2016-04-19,534.342102637276,623.8932115263636,7.258764594263731,1.0,6.258764594263731,0.0,0.0,234.45334315770404,0.0,75.78322942056157,6.7082666904272825,5.5,0.0,0.0,0.0,0.0,0.0,1,6,4,0,0,1
476,111,0.0,9.436845,21.969327,0.8867232657468405,0.5820052083333334,6.31625,1.3,0.0,2015-01-01,2016-04-20,535.2355754810459,624.8704601804276,7.266611909937218,1.0,6.266611909937218,0.0,0.0,234.94505070804624,0.0,75.86273512296296,6.711690353657572,5.5,0.0,0.0,0.0,0.0,0.0,1,6,4,0,0,1
477,112,0.0,11.932941,24.058073999999998,1.05436266688804,0.4325434027777778,4.32,1.3,0.0,2015-01-01,2016-04-21,536.1290304603999,625.8460460453565,7.274455794592335,1.0,6.274455794592335,0.0,0.0,235.43718603625388,0.0,75.94220606372905,6.715113473152841,5.5,0.0,0.0,0.0,0.0,0.0,1,6,4,0,0,1
478,113,0.0,11.4230325,25.574799,1.0946941755841375,0.8076041666666667,4.32,1.3,2.0,2015-01-01,2016-04-22,537.0224687434447,626.8199686665831,7.28229626549287,1.0,6.28229626549287,0.0,0.0,235.92974972818274,0.0,76.02164241776929,6.718536080737277,5.5,0.0,0.0,0.0,0.0,0.0,1,6,4,0,0,1
479,114,0.0,11.256915,23.945403,1.0236852003306156,0.6826388888888889,4.32,1.3,2.0,2015-01-01,2016-04-23,537.9158915002391,627.7922276109382,7.290133339876361,1.0,6.290133339876361,0.0,0.0,236.42274237045848,0.0,76.10104435972713,6.721958207943043,5.5,0.0,0.0,0.0,0.0,0.0,1,6,4,0,0,1
480,115,0.0,16.855797,25.184784,1.317739630068801,0.7804774305555555,4.32,1.3,2.0,2015-01-01,2016-04-24,538.8092999027473,628.7628224665435,7.297967034953887,1.0,6.297967034953887,0.0,0.0,236.9161645504806,0.0,76.18041206397804,6.725379886012796,5.5,0.0,0.0,0.0,0.0,0.0,1,6,4,0,0,1
481,116,0.0,16.630455,24.924774,1.2946672029058284,0.5487065972222221,5.824166666666667,1.3,4.0,2015-01-01,2016-04-25,539.7026951247917,629.7317528427039,7.305797367909838,1.0,6.305797367909838,0.0,0.0,237.41001685642618,0.0,76.25974570462702,6.72880114590108,5.5,0.0,0.0,0.0,0.0,0.0,1,6,4,0,0,1
482,117,0.0,17.410485,27.438204,1.4584309892947271,0.6032986111111112,9.224166666666669,1.3,4.0,2015-01-01,2016-04-26,540.5960783420084,630.6990183698013,7.313624355901726,1.0,6.313624355901726,0.0,0.0,237.90429987725418,0.0,76.33904545550678,6.732222018274816,5.5,0.0,0.0,0.0,0.0,0.0,1,6,4,0,0,1
483,118,0.0,18.433191,29.717624999999998,1.640538598690263,0.4540364583333333,11.04,1.3,3.0,2015-01-01,2016-04-27,541.4894507318005,631.664618699186,7.321448016059976,1.0,6.321448016059976,0.0,0.0,238.39901420270917,0.0,76.41831149017553,6.735642533516058,5.5,0.0,0.0,0.0,0.0,0.0,1,6,4,0,0,1
484,119,0.0,18.467859,29.284275,1.6175467338565068,0.6397048611111112,6.282500000000001,1.3,5.0,2015-01-01,2016-04-28,542.3828134732938,632.6285535030712,7.329268365487722,1.0,6.329268365487722,0.0,0.0,238.89416042332545,0.0,76.4975439819151,6.739062721721995,5.5,0.0,0.0,0.0,0.0,0.0,1,6,4,0,0,1
485,120,0.0,18.381189,26.918184,1.4821934824626593,0.9086111111111111,4.945833333333334,1.3,7.0,2015-01-01,2016-04-29,543.2761677472924,633.5908224744256,7.337085421260619,1.0,6.337085421260619,0.0,0.0,239.38973913043077,0.0,76.57674310372879,6.742482612707805,5.5,0.0,0.0,0.0,0.0,0.0,1,6,4,0,0,1
486,121,0.0,17.696496,24.47409,1.3239805439264176,1.1807378472222223,6.735833333333334,1.3,4.0,2015-01-01,2016-04-30,544.1695147362348,634.551425326867,7.344899200426646,1.0,6.344899200426646,0.0,0.0,239.88575091615036,0.0,76.65590902833955,6.745902236006742,5.5,0.0,0.0,0.0,0.0,0.0,1,6,4,0,0,1
487,122,0.0,16.74240375,26.372163,1.370077899149883,1.2783940972222223,8.64,1.3,1.0,2015-01-01,2016-05-01,545.0628556241501,635.510361794556,7.352709720005923,1.0,6.352709720005923,0.0,0.0,240.38219637341086,0.0,76.73504192818812,6.749321620872835,5.5,0.0,0.0,0.0,0.0,0.0,1,6,4,0,0,1
488,123,0.0,14.3337,25.098114000000002,1.1978329503940477,1.3169097222222221,5.7775,1.3,5.0,2015-01-01,2016-05-02,545.9561915966159,636.4676316320891,7.360516996990524,1.0,6.360516996990524,0.0,0.0,240.87907609594424,0.0,76.81414197543101,6.752740796281055,5.5,0.0,0.0,0.0,0.0,0.0,1,6,4,0,0,1
489,124,0.0,14.082357000000002,24.604095,1.1653802222762062,0.6582899305555556,4.32,1.3,5.0,2015-01-01,2016-05-03,546.8495238407153,637.4232346143936,7.368321048344304,1.0,6.368321048344304,0.0,0.0,241.37639067829141,0.0,76.89320934193888,6.756159790929871,5.5,0.0,0.0,0.0,0.0,0.0,1,6,4,0,0,1
490,125,0.0,17.28048,27.117525,1.435002414593186,0.5186284722222223,4.32,1.3,5.0,2015-01-01,2016-05-04,547.7428535449949,638.3771705366203,7.376121891002705,1.0,6.376121891002705,0.0,0.0,241.8741407158064,0.0,76.97224419929454,6.759578633242324,5.5,0.0,0.0,0.0,0.0,0.0,1,6,4,0,0,1
491,126,0.0,17.57299125,27.368868,1.4633159155996545,1.0201215277777778,4.32,1.3,4.0,2015-01-01,2016-05-05,548.6361818994243,639.3294392140388,7.38391954187261,1.0,6.38391954187261,0.0,0.0,242.37232680466013,0.0,77.05124671879136,6.762997351366826,5.5,0.0,0.0,0.0,0.0,0.0,1,6,4,0,0,1
492,127,0.0,16.959801,24.231414,1.2775957964426237,0.7983940972222222,8.610416666666667,1.3,7.0,2015-01-01,2016-05-06,549.529510095354,640.2800404819316,7.391714017832152,1.0,6.391714017832152,0.0,0.0,242.8709495418442,0.0,77.13021707143155,6.766415973179834,5.5,0.0,0.0,0.0,0.0,0.0,1,6,4,0,0,1
493,128,0.0,17.583825,27.472872,1.4693565585557005,1.0677604166666665,9.942916666666669,1.3,5.0,2015-01-01,2016-05-07,550.4228393254754,641.2289741954885,7.399505335730555,1.0,6.399505335730555,0.0,0.0,243.37000952517474,0.0,77.2091554279243,6.769834526286262,5.5,0.0,0.0,0.0,0.0,0.0,1,6,4,0,0,1
494,129,0.0,16.9785795,25.912812,1.359054661749801,0.5461892361111113,3.2729166666666663,1.3,5.0,2015-01-01,2016-05-08,551.3161707837808,642.1762402297012,7.407293512387979,1.0,6.407293512387979,0.0,0.0,243.86950735329623,0.0,77.28806195868445,6.77325303802157,5.5,0.0,0.0,0.0,0.0,0.0,1,6,4,0,0,1
495,130,0.0,13.516113,25.6008,1.1840269520772602,1.1819097222222221,3.6,1.3,6.0,2015-01-01,2016-05-09,552.209505665524,643.1218384792583,7.415078564595351,1.0,6.415078564595351,0.0,0.0,244.3694436256855,0.0,77.36693683383055,6.776671535452561,5.5,0.0,0.0,0.0,0.0,0.0,1,6,4,0,0,1
496,131,0.0,13.493001,26.406831,1.2186125731803528,0.9258072916666666,3.4929166666666664,1.3,3.0,2015-01-01,2016-05-10,553.1028451671812,644.0657688584404,7.4228605091142255,1.0,6.4228605091142255,0.0,0.0,244.86981894265512,0.0,77.44578022318369,6.780090045379936,5.5,0.0,0.0,0.0,0.0,0.0,1,6,4,0,0,1
497,132,0.0,15.89376,24.777435,1.2535501336728576,0.5373958333333334,7.484583333333333,1.3,4.0,2015-01-01,2016-05-11,553.9961904864116,645.0080313010152,7.430639362676606,1.0,6.430639362676606,0.0,0.0,245.37063390535766,0.0,77.52459229626548,6.783508594338604,5.5,0.0,0.0,0.0,0.0,0.0,1,6,4,0,0,1
498,133,0.0,15.668417999999999,22.697354999999998,1.1516568248950692,0.5617534722222222,14.585833333333332,1.3,5.0,2015-01-01,2016-05-12,554.8895428220203,645.9486257601333,7.4384151419848275,1.0,6.4384151419848275,0.0,0.0,245.87188911578937,0.0,77.6033732222969,6.786927208600109,5.5,0.0,0.0,0.0,0.0,0.0,1,6,4,0,0,1
499,134,0.0,15.443075999999998,27.568209,1.36496684091665,0.8679340277777778,18.96,1.3,1.0,2015-01-01,2016-05-13,555.7829033739205,646.8875522082225,7.446187863711398,1.0,6.446187863711398,0.0,0.0,246.37358517679388,0.0,77.6821231701968,6.790345914172939,5.5,0.0,0.0,0.0,0.0,0.0,1,6,4,0,0,1
500,135,0.0,18.008508,29.232273,1.5884697228499929,0.9413628472222224,18.96,1.3,2.0,2015-01-01,2016-05-14,556.6762733430951,647.8248106368858,7.45395754449885,1.0,6.45395754449885,0.0,0.0,246.87572269206595,0.0,77.7608423085804,6.793764736805448,5.5,0.0,0.0,0.0,0.0,0.0,1,6,4,0,0,1
501,136,0.0,19.932582,30.246312,1.761973842318813,0.836484375,18.96,1.3,1.0,2015-01-01,2016-05-15,557.5696539315611,648.7604010567952,7.461724200959617,1.0,6.461724200959617,0.0,0.0,247.37830226615552,0.0,77.8395308057578,6.797183701986297,5.5,0.0,0.0,0.0,0.0,0.0,1,6,4,0,0,1
502,137,0.0,19.863246,33.444435,1.9647170792523967,1.587890625,18.96,1.3,2.0,2015-01-01,2016-05-16,558.4630463423329,649.6943234975893,7.469487849675888,1.0,6.469487849675888,0.0,0.0,247.88132450447125,0.0,77.91818882973284,6.8006028349460115,5.5,0.0,0.0,0.0,0.0,0.0,1,6,4,0,0,1
503,138,0.0,20.209926,31.40769,1.852811550252116,1.3224826388888888,12.37125,1.3,2.0,2015-01-01,2016-05-17,559.3564517793855,650.6265780077684,7.477248507199484,1.0,6.477248507199484,0.0,0.0,248.38479001328443,0.0,77.99681654820154,6.804022160659072,5.5,0.0,0.0,0.0,0.0,0.0,1,6,4,0,0,1
504,139,0.0,20.816616,32.092383,1.93780081089212,0.8254774305555556,4.114583333333333,1.3,6.0,2015-01-01,2016-05-18,560.24987144762,651.5571646545925,7.485006190051716,1.0,6.485006190051716,0.0,0.0,248.88869939973267,0.0,78.07541412855093,6.8074417038447415,5.5,0.0,0.0,0.0,0.0,0.0,1,6,4,0,0,1
505,140,0.0,19.897914,31.113011999999998,1.814019934972247,1.1664670138888888,4.667083333333333,1.3,5.0,2015-01-01,2016-05-19,561.1433065528286,652.4860835239765,7.492760914723278,1.0,6.492760914723278,0.0,0.0,249.39305327182387,0.0,78.15398173785773,6.8108614889690005,5.5,0.0,0.0,0.0,0.0,0.0,1,6,4,0,0,1
506,141,0.0,16.07504475,29.786960999999998,1.5123332671319507,1.1960416666666667,2.88,1.3,3.0,2015-01-01,2016-05-20,562.036758301659,653.4133347203882,7.5005126976741145,1.0,6.5005126976741145,0.0,0.0,249.8978522384398,0.0,78.23251954288726,6.814281540245217,5.5,0.0,0.0,0.0,0.0,0.0,1,6,4,0,0,1
507,142,0.0,14.787272999999999,27.152192999999997,1.3129034083065176,1.4600347222222223,2.88,1.3,2.0,2015-01-01,2016-05-21,562.9302279015807,654.3389183667454,7.508261555333297,1.0,6.508261555333297,0.0,0.0,250.40309690933998,0.0,78.31102771009188,6.817701881637372,5.5,0.0,0.0,0.0,0.0,0.0,1,6,4,0,0,1
508,143,0.0,14.767050000000001,29.50095,1.428305660525592,0.7561805555555555,2.88,1.3,2.0,2015-01-01,2016-05-22,563.8237165608512,655.2628346043119,7.516007504098918,1.0,6.516007504098918,0.0,0.0,250.90878789516555,0.0,78.38950640561019,6.8211225368590025,5.5,0.0,0.0,0.0,0.0,0.0,1,6,4,0,0,1
509,144,0.0,20.998623000000002,30.436985999999997,1.841098756070105,0.7369184027777778,2.88,1.3,1.0,2015-01-01,2016-05-23,564.7172254884823,656.1850835925973,7.523750560337975,1.0,6.523750560337975,0.0,0.0,251.41492580744273,0.0,78.46795579526575,6.824543529377362,5.5,0.0,0.0,0.0,0.0,0.0,1,6,4,0,0,1
510,145,0.0,20.83395,31.615698000000002,1.907187973053272,0.83,2.88,1.3,3.0,2015-01-01,2016-05-24,565.6107558942076,657.1056655092526,7.531490740386252,1.0,6.531490740386252,0.0,0.0,251.9215112585872,0.0,78.54637604456585,6.827964882412719,5.5,0.0,0.0,0.0,0.0,0.0,1,6,4,0,0,1
511,146,0.0,17.852502,28.062228,1.5151849348491695,1.488767361111111,2.88,1.3,1.0,2015-01-01,2016-05-25,566.504308988449,658.0245805499691,7.539228060548224,1.0,6.539228060548224,0.0,0.0,252.4285448619072,0.0,78.62476731870055,6.831386618941048,5.5,0.0,0.0,0.0,0.0,0.0,1,6,4,0,0,1
512,147,0.0,17.817834,30.237645,1.6350147224345484,0.6196354166666665,2.88,1.3,0.0,2015-01-01,2016-05-26,567.3978859822857,658.9418289283767,7.546962537096948,1.0,6.546962537096948,0.0,0.0,252.9360272316078,0.0,78.70312978254167,6.8348087616952125,5.5,0.0,0.0,0.0,0.0,0.0,1,6,4,0,0,1
513,148,0.0,22.090664999999998,32.343726000000004,2.042555931388769,0.7951996527777778,2.88,1.3,0.0,2015-01-01,2016-05-27,568.2914880874213,659.8574108759422,7.554694186273959,1.0,6.554694186273959,0.0,0.0,253.44395898279453,0.0,78.78146360064156,6.838231333166359,5.5,0.0,0.0,0.0,0.0,0.0,1,6,4,0,0,1
514,149,0.0,22.428677999999998,33.938454,2.1823540248449715,1.1965625,2.88,1.3,1.0,2015-01-01,2016-05-28,569.1851165161529,660.7713266418671,7.562423024289171,1.0,6.562423024289171,0.0,0.0,253.95234073147725,0.0,78.85976893723223,6.841654355605521,5.5,0.0,0.0,0.0,0.0,0.0,1,6,4,0,0,1
515,150,0.0,21.06434775,35.281839000000005,2.1807954376562395,1.236875,2.88,1.3,0.0,2015-01-01,2016-05-29,570.0787724813404,661.6835764929874,7.570149067320792,1.0,6.570149067320792,0.0,0.0,254.46117309457384,0.0,78.93804595622456,6.8450778510247385,5.5,0.0,0.0,0.0,0.0,0.0,1,6,4,0,0,1
516,151,0.0,19.811244,30.931005,1.7970685840417455,1.258012152777778,2.88,1.3,1.0,2015-01-01,2016-05-30,570.9724571963749,662.5941607136721,7.577872331515211,1.0,6.577872331515211,0.0,0.0,254.970456689914,0.0,79.01629482120691,6.848501841199423,5.5,0.0,0.0,0.0,0.0,0.0,1,6,4,0,0,1
517,152,0.0,17.23497825,29.15427,1.5410622752135363,1.4940364583333334,2.88,1.3,1.0,2015-01-01,2016-05-31,571.8661718751493,663.5030796057225,7.585592832986928,1.0,6.585592832986928,0.0,0.0,255.48019213624332,0.0,79.09451569544467,6.851926347668538,5.5,0.0,0.0,0.0,0.0,0.0,1,6,4,0,0,1
518,153,0.0,16.101768,27.836885999999996,1.4114627797467636,1.5844878472222221,2.88,1.3,2.0,2015-01-01,2016-06-01,572.7599177320288,664.4103334882718,7.593310587818456,1.0,6.593310587818456,0.0,0.0,255.99038005322677,0.0,79.17270874187905,6.855351391736988,5.5,0.0,0.0,0.0,0.0,0.0,1,6,4,0,0,1
519,154,0.0,15.729087,27.793551,1.3904361470351492,1.3717274305555556,6.9175,1.3,3.0,2015-01-01,2016-06-02,573.6536959818197,665.3159226976846,7.601025612060229,1.0,6.601025612060229,0.0,0.0,256.5010210614527,0.0,79.25087412312634,6.858776994477324,5.5,0.0,0.0,0.0,0.0,0.0,1,6,4,0,0,1
520,155,0.0,15.989097000000001,30.159642,1.5278984768381727,0.8177777777777778,10.08,1.3,0.0,2015-01-01,2016-06-03,574.5475078397425,666.2198475874568,7.608737921730545,1.0,6.608737921730545,0.0,0.0,257.0121157824367,0.0,79.32901200147714,6.862203176730137,5.5,0.0,0.0,0.0,0.0,0.0,1,6,4,0,0,1
521,156,0.0,19.975917000000003,32.872413,1.9337331919109444,0.6022569444444444,10.08,1.3,1.0,2015-01-01,2016-06-04,575.4413545214015,667.1221085281157,7.616447532815453,1.0,6.616447532815453,0.0,0.0,257.52366483862534,0.0,79.40712253889544,6.865629959106223,5.5,0.0,0.0,0.0,0.0,0.0,1,6,4,0,0,1
522,157,0.0,22.619352,33.999123,2.2011329307573364,1.5038541666666665,10.08,1.3,1.0,2015-01-01,2016-06-05,576.3352372427572,668.0227059071206,7.624154461268701,1.0,6.624154461268701,0.0,0.0,258.0356688534,0.0,79.48520589701786,6.86905736198843,5.5,0.0,0.0,0.0,0.0,0.0,1,6,4,0,0,1
523,158,0.0,23.018034,33.548439,2.197236128453091,0.655625,10.08,1.3,2.0,2015-01-01,2016-06-06,577.229157220098,668.9216401287626,7.631858723011646,1.0,6.631858723011646,0.0,0.0,258.54812845108086,0.0,79.56326223715291,6.8724854055319025,5.5,0.0,0.0,0.0,0.0,0.0,1,6,4,0,0,1
524,159,0.0,23.21954175,35.377176000000006,2.353917568527479,0.9001128472222223,10.08,1.3,0.0,2015-01-01,2016-06-07,578.1231156700129,669.8189116140671,7.639560333933195,1.0,6.639560333933195,0.0,0.0,259.0610442569307,0.0,79.64129172028034,6.875914109667109,5.5,0.0,0.0,0.0,0.0,0.0,1,6,4,0,0,1
525,160,0.0,21.131517,33.037086,2.0239556164696704,1.337013888888889,10.08,1.3,0.0,2015-01-01,2016-06-08,579.017113809364,670.7145208006929,7.6472593098897255,1.0,6.6472593098897255,0.0,0.0,259.5744168971586,0.0,79.71929450705025,6.879343494099891,5.5,0.0,0.0,0.0,0.0,0.0,1,6,4,0,0,1
526,161,0.0,20.625942000000002,34.727151,2.108001441471086,1.051423611111111,10.08,1.3,2.0,2015-01-01,2016-06-09,579.9111528552594,671.6084681428342,7.6549556667050185,1.0,6.6549556667050185,0.0,0.0,260.08824699892415,0.0,79.79727075778258,6.882773578313799,5.5,0.0,0.0,0.0,0.0,0.0,1,6,4,0,0,1
527,162,0.0,23.408049,34.111794,2.2696409970653115,1.1948177083333333,6.32625,1.3,4.0,2015-01-01,2016-06-10,580.8052340250274,672.500754111123,7.662649420170204,1.0,6.662649420170204,0.0,0.0,260.60253519034114,0.0,79.87522063246635,6.88620438157117,5.5,0.0,0.0,0.0,0.0,0.0,1,6,4,0,0,1
528,163,0.0,19.38006075,35.333841,2.0622772300331684,1.2739322916666667,3.6,1.3,1.0,2015-01-01,2016-06-11,581.6993585361889,673.391379192529,7.6703405860436815,1.0,6.6703405860436815,0.0,0.0,261.11728210048136,0.0,79.95314429075918,6.8896359229148745,5.5,0.0,0.0,0.0,0.0,0.0,1,6,4,0,0,1
529,164,0.0,18.3595215,31.009007999999998,1.712541436977346,1.8391840277777776,3.6,1.3,1.0,2015-01-01,2016-06-12,582.5935276064333,674.2803438902638,7.67802918005108,1.0,6.67802918005108,0.0,0.0,261.63248835937884,0.0,80.03104189198636,6.893068221168958,5.5,0.0,0.0,0.0,0.0,0.0,1,6,4,0,0,1
530,165,0.0,16.739514749999998,27.091524,1.4059970957478591,1.9262239583333336,3.6,1.3,1.0,2015-01-01,2016-06-13,583.4877424535913,675.1676487236813,7.685715217885183,1.0,6.685715217885183,0.0,0.0,262.1481545980333,0.0,80.10891359514068,6.896501294941818,5.5,0.0,0.0,0.0,0.0,0.0,1,6,4,0,0,1
531,166,0.0,16.717125,30.913670999999997,1.610605339732012,0.8289236111111111,3.6,1.3,0.0,2015-01-01,2016-06-14,584.3820042956112,676.0532942281809,7.693398715205883,1.0,6.693398715205883,0.0,0.0,262.6642814484146,0.0,80.18675955888153,6.8999351626251215,5.5,0.0,0.0,0.0,0.0,0.0,1,6,4,0,0,1
532,167,0.0,17.722497,32.79441,1.7829581293180796,0.8019965277777777,3.6,1.3,0.0,2015-01-01,2016-06-15,585.2763143505322,676.9372809551103,7.701079687640121,1.0,6.701079687640121,0.0,0.0,263.18086954346626,0.0,80.26457994153454,6.9033698423980265,5.5,0.0,0.0,0.0,0.0,0.0,1,6,4,0,0,1
533,168,0.0,22.243782,33.739113,2.153915921942408,1.6683680555555556,3.6,1.3,3.0,2015-01-01,2016-06-16,586.1706738364622,677.8196094716682,7.708758150781846,1.0,6.708758150781846,0.0,0.0,263.69791951710977,0.0,80.34237490109103,6.906805352226101,5.5,0.0,0.0,0.0,0.0,0.0,1,6,4,0,0,1
534,169,0.0,19.806910499999997,33.739113,1.9809636149044385,1.425659722222222,3.6,1.3,1.0,2015-01-01,2016-06-17,587.0650839715519,678.7002803608077,7.716434120191957,1.0,6.716434120191957,0.0,0.0,264.2154320042481,0.0,80.42014459520747,6.910241709864915,5.5,0.0,0.0,0.0,0.0,0.0,1,6,4,0,0,1
535,170,0.0,19.377894,34.285134000000006,1.9889819835227485,1.4118315972222222,3.6,1.3,2.0,2015-01-01,2016-06-18,587.9595459739713,679.5792942211398,7.724107611398266,1.0,6.724107611398266,0.0,0.0,264.7334076407702,0.0,80.49788918120517,6.913678932859734,5.5,0.0,0.0,0.0,0.0,0.0,1,6,4,0,0,1
536,171,0.0,19.906581,34.649148,2.051096821290399,1.3450173611111111,3.6,1.3,1.0,2015-01-01,2016-06-19,588.854061061887,680.4566516668367,7.731778639895437,1.0,6.731778639895437,0.0,0.0,265.2518470635548,0.0,80.57560881606949,6.917117038547824,5.5,0.0,0.0,0.0,0.0,0.0,1,6,4,0,0,1
537,172,0.0,21.085293,34.70115,2.1395013341702085,1.1482552083333333,3.6,1.3,1.0,2015-01-01,2016-06-20,589.7486304534374,681.332353327536,7.739447221144963,1.0,6.739447221144963,0.0,0.0,265.77075091047413,0.0,80.65330365644982,6.920556044060138,5.5,0.0,0.0,0.0,0.0,0.0,1,6,4,0,0,1
538,173,0.0,21.275967,33.643776,2.076906631357596,1.296796875,3.6,1.3,4.0,2015-01-01,2016-06-21,590.6432553667117,682.2063998482454,7.747113370575118,1.0,6.747113370575118,0.0,0.0,266.2901198203983,0.0,80.7309738586589,6.923995966321742,5.5,0.0,0.0,0.0,0.0,0.0,1,6,4,0,0,1
539,174,0.0,22.402676999999997,33.331764,2.1356998123126982,1.1530034722222222,7.133333333333334,1.3,5.0,2015-01-01,2016-06-22,591.5379370197256,683.0787918892457,7.754777103580911,1.0,6.754777103580911,0.0,0.0,266.80995443319915,0.0,80.80861957867255,6.927436822054419,5.5,0.0,0.0,0.0,0.0,0.0,1,6,4,0,0,1
540,175,0.0,22.818693,33.089088000000004,2.1483944979256675,0.9574131944444445,8.272916666666667,1.3,5.0,2015-01-01,2016-06-23,592.4326766304006,683.9495301259974,7.762438435524064,1.0,6.762438435524064,0.0,0.0,267.3302553897546,0.0,80.8862409721292,6.9308786277771075,5.5,0.0,0.0,0.0,0.0,0.0,1,6,4,0,0,1
541,176,0.0,22.922697,33.652443,2.197885177699964,0.8259114583333333,4.056666666666668,1.3,2.0,2015-01-01,2016-06-24,593.3274754165409,684.8186152490442,7.770097381732978,1.0,6.770097381732978,0.0,0.0,267.8510233319522,0.0,80.96383819432985,6.934321399808002,5.5,0.0,0.0,0.0,0.0,0.0,1,6,4,0,0,1
542,177,0.0,22.281339,34.70115,2.228579578162972,1.15734375,4.800000000000001,1.3,3.0,2015-01-01,2016-06-25,594.2223345958122,685.6860479639191,7.777753957502683,1.0,6.777753957502683,0.0,0.0,268.3722589026937,0.0,81.04141140023727,6.937720428396067,5.5,0.0,0.0,0.0,0.0,0.0,1,6,4,0,0,1
543,178,0.0,21.622647,33.947121,2.1237004762397937,1.0464236111111112,4.655416666666667,1.3,2.0,2015-01-01,2016-06-26,595.1172304748707,686.5518289910489,7.785407965073426,1.0,6.785407965073426,0.0,0.0,268.89396724880874,0.0,81.11895858623278,6.941025151436712,5.5,0.0,0.0,0.0,0.0,0.0,1,6,4,0,0,1
544,179,0.0,21.908658,34.562478000000006,2.190107603228124,0.7059461805555556,4.5600000000000005,1.3,1.0,2015-01-01,2016-06-27,596.0121113208894,687.4159590656614,7.793058967288232,1.0,6.793058967288232,0.0,0.0,269.41615855507496,0.0,81.19647532322577,6.944330044756532,5.5,0.0,0.0,0.0,0.0,0.0,1,6,4,0,0,1
545,180,0.0,23.226042,35.22117,2.3420566945767987,1.4867534722222222,4.5600000000000005,1.3,0.0,2015-01-01,2016-06-28,596.9069783230486,688.2784389376894,7.800706979851521,1.0,6.800706979851521,0.0,0.0,269.9388333991264,0.0,81.27396177032679,6.947635127174985,5.5,0.0,0.0,0.0,0.0,0.0,1,6,4,0,0,1
546,181,0.0,26.692842000000002,37.743266999999996,2.860049233043939,1.1010850694444445,4.5600000000000005,1.3,1.0,2015-01-01,2016-06-29,597.8018326702348,689.139269371679,7.8083520184312345,1.0,6.8083520184312345,0.0,0.0,270.46199235865413,0.0,81.3514180862769,6.950940417301396,5.5,0.0,0.0,0.0,0.0,0.0,1,6,4,0,0,1
547,182,0.0,26.398164,37.933941,2.850267642446863,0.6114930555555556,4.5600000000000005,1.3,0.0,2015-01-01,2016-06-30,598.6966755510141,689.9984511466951,7.815994098658775,1.0,6.815994098658775,0.0,0.0,270.9856360114069,0.0,81.42884442944684,6.9542459335357485,5.5,0.0,0.0,0.0,0.0,0.0,1,6,4,0,0,1
548,183,0.0,25.10028075,38.982648,2.826950794194624,0.9769270833333334,4.5600000000000005,1.3,1.0,2015-01-01,2016-07-01,599.5915081536053,690.8559850562275,7.8236332361289485,1.0,6.8236332361289485,0.0,0.0,271.5097649351907,0.0,81.50624095783664,6.957551694070604,5.5,0.0,0.0,0.0,0.0,0.0,1,6,4,0,0,1
549,184,0.0,22.443123,37.535259,2.4660296445459284,1.3933854166666668,4.5600000000000005,1.3,1.0,2015-01-01,2016-07-02,600.4863316658523,691.7118719080996,7.83126944639988,1.0,6.83126944639988,0.0,0.0,272.03437970786916,0.0,81.5836078290747,6.960857716892891,5.5,0.0,0.0,0.0,0.0,0.0,1,6,4,0,0,1
550,185,0.0,21.22757625,34.917825,2.165903652499061,1.672282986111111,4.5600000000000005,1.3,0.0,2015-01-01,2016-07-03,601.3811472751983,692.5661125243743,7.838902744992979,1.0,6.838902744992979,0.0,0.0,272.5594809073633,0.0,81.66094520041737,6.964164019785018,5.5,0.0,0.0,0.0,0.0,0.0,1,6,4,0,0,1
551,186,0.0,20.54143875,33.851784,2.039665184485849,1.6212847222222222,4.5600000000000005,1.3,0.0,2015-01-01,2016-07-04,602.2759561686601,693.4187077412619,7.846533147392885,1.0,6.846533147392885,0.0,0.0,273.085069111652,0.0,81.73825322874855,6.967470620326388,5.5,0.0,0.0,0.0,0.0,0.0,1,6,4,0,0,1
552,187,0.0,19.871913,34.987161,2.072585432810449,1.0047048611111111,4.5600000000000005,1.3,2.0,2015-01-01,2016-07-05,603.1707595328015,694.2696584090286,7.8541606690473795,1.0,6.8541606690473795,0.0,0.0,273.6111448987716,0.0,81.81553207057867,6.970777535895316,5.5,0.0,0.0,0.0,0.0,0.0,1,6,4,0,0,1
553,188,0.0,21.827766,33.973122,2.1405583586706687,1.2550086805555556,4.5600000000000005,1.3,2.0,2015-01-01,2016-07-06,604.0655585537093,695.1189653919039,7.861785325367374,1.0,6.861785325367374,0.0,0.0,274.13770884681645,0.0,81.89278188204457,6.974084783670263,5.5,0.0,0.0,0.0,0.0,0.0,1,6,4,0,0,1
554,189,0.0,21.605313,32.846412,2.043774156436372,1.146579861111111,4.247083333333333,1.3,1.0,2015-01-01,2016-07-07,604.9603544169667,695.966629567989,7.869407131726835,1.0,6.869407131726835,0.0,0.0,274.6647615339389,0.0,81.97000281890881,6.977392380630821,5.5,0.0,0.0,0.0,0.0,0.0,1,6,4,0,0,1
555,190,0.0,21.78732,35.472513,2.249691003227558,0.7116753472222223,3.3600000000000003,1.3,0.0,2015-01-01,2016-07-08,605.8551483076295,696.8126518291656,7.877026103462743,1.0,6.877026103462743,0.0,0.0,275.1923035383488,0.0,82.04719503655927,6.980700343561065,5.5,0.0,0.0,0.0,0.0,0.0,1,6,4,0,0,1
556,191,0.0,22.220670000000002,34.692483,2.223328773637859,1.083220486111111,10.349583333333332,1.3,2.0,2015-01-01,2016-07-09,606.7499414102022,697.6570330810051,7.884642255875052,1.0,6.884642255875052,0.0,0.0,275.72033543831515,0.0,82.12435869000862,6.984008689048354,5.5,0.0,0.0,0.0,0.0,0.0,1,6,4,0,0,1
557,192,0.0,21.743985,35.923197,2.2810142663765647,1.4618836805555555,18.0,1.3,0.0,2015-01-01,2016-07-10,607.6447349086127,698.4997742426774,7.892255604226636,1.0,6.892255604226636,0.0,0.0,276.24885781216443,0.0,82.2014939338939,6.987317433486968,5.5,0.0,0.0,0.0,0.0,0.0,1,6,4,0,0,1
558,193,0.0,21.523698749999998,37.249248,2.367965645703787,1.6292621527777778,18.0,1.3,1.0,2015-01-01,2016-07-11,608.5395299861895,699.3408762468604,7.8998661637432575,1.0,6.8998661637432575,0.0,0.0,276.7778712382819,0.0,82.27860092247606,6.99062659307898,5.5,0.0,0.0,0.0,0.0,0.0,1,6,4,0,0,1
559,194,0.0,20.49088125,34.311135,2.068528603833153,1.6752430555555557,18.0,1.3,1.0,2015-01-01,2016-07-12,609.4343278256378,700.1803400396496,7.907473949613515,1.0,6.907473949613515,0.0,0.0,277.30737629511157,0.0,82.3556798096397,6.993936183835563,5.5,0.0,0.0,0.0,0.0,0.0,1,6,4,0,0,1
560,195,0.0,19.811244,32.751075,1.914657451788517,1.4673090277777776,18.0,1.3,1.0,2015-01-01,2016-07-13,610.3291296090171,701.0181665804689,7.915078976988824,1.0,6.915078976988824,0.0,0.0,277.83737356115614,0.0,82.43273074889254,6.997246221578125,5.5,0.0,0.0,0.0,0.0,0.0,1,6,4,0,0,1
561,196,0.0,20.331264,35.04783,2.1098799677038484,1.628637152777778,18.0,1.3,1.0,2015-01-01,2016-07-14,611.2239365177172,701.8543568419797,7.922681260983362,1.0,6.922681260983362,0.0,0.0,278.3678636149775,0.0,82.50975389336504,7.000556721940864,5.5,0.0,0.0,0.0,0.0,0.0,1,6,4,0,0,1
562,197,0.0,26.190155999999998,36.859233,2.7319977215784466,2.0639583333333333,18.0,1.3,0.0,2015-01-01,2016-07-15,612.1187497324371,702.688911809992,7.930280816674044,1.0,6.930280816674044,0.0,0.0,278.8988470351967,0.0,82.58674939581022,7.0038677003713605,5.5,0.0,0.0,0.0,0.0,0.0,1,6,4,0,0,1
563,198,0.0,24.4986465,38.878644,2.761817572334579,1.1523263888888888,18.0,1.3,1.0,2015-01-01,2016-07-16,613.0135704331619,703.5218324833756,7.9378776591005025,1.0,6.9378776591005025,0.0,0.0,279.4303244004942,0.0,82.66371740860329,7.007179172132373,5.5,0.0,0.0,0.0,0.0,0.0,1,6,4,0,0,1
564,199,0.0,24.136076999999997,36.477885,2.519144240994577,0.719375,18.0,1.3,2.0,2015-01-01,2016-07-17,613.9083997991411,704.353119873971,7.9454718032650336,1.0,6.9454718032650336,0.0,0.0,279.9622962896104,0.0,82.74065808374118,7.010491152303091,5.5,0.0,0.0,0.0,0.0,0.0,1,6,4,0,0,1
565,200,0.0,24.604095,36.313212,2.544843461543701,1.323324652777778,18.0,1.3,1.0,2015-01-01,2016-07-18,614.803239008867,705.1827750064999,7.953063264132589,1.0,6.953063264132589,0.0,0.0,280.49476328134534,0.0,82.81757157284255,7.013803655780884,5.5,0.0,0.0,0.0,0.0,0.0,1,6,4,0,0,1
566,201,0.0,27.89105475,38.956647,3.095191441531386,1.477777777777778,18.0,1.3,1.0,2015-01-01,2016-07-19,615.6980892400535,706.0107989184786,7.960652056630737,1.0,6.960652056630737,0.0,0.0,281.0277259545595,0.0,82.89445802714717,7.017116697282836,5.5,0.0,0.0,0.0,0.0,0.0,1,6,4,0,0,1
567,202,0.0,25.05839025,38.549298,2.782939210368341,1.4841232638888888,18.0,1.3,0.0,2015-01-01,2016-07-20,616.5929516696156,706.8371926601284,7.968238195649657,1.0,6.968238195649657,0.0,0.0,281.56118488817384,0.0,82.97131759751613,7.020430291346489,5.5,0.0,0.0,0.0,0.0,0.0,1,6,4,0,0,1
568,203,0.0,24.803435999999998,40.482039,2.941030462985018,0.6946527777777778,18.0,1.3,0.0,2015-01-01,2016-07-21,617.4878274736471,707.6619572942878,7.975821696042088,1.0,6.975821696042088,0.0,0.0,282.0951406611699,0.0,83.04815043443111,7.0237444523324,5.5,0.0,0.0,0.0,0.0,0.0,1,6,4,0,0,1
569,204,0.0,26.883516,40.473372,3.146931815137008,1.0511805555555556,18.0,1.3,0.0,2015-01-01,2016-07-22,618.3827178274026,708.485093896327,7.983402572623339,1.0,6.983402572623339,0.0,0.0,282.6295938525906,0.0,83.1249566879946,7.027059194424717,5.5,0.0,0.0,0.0,0.0,0.0,1,6,4,0,0,1
570,205,0.0,22.960254,39.069317999999996,2.641036229335259,1.5504427083333332,18.0,1.3,0.0,2015-01-01,2016-07-23,619.277623905275,709.306603554058,7.990980840171255,1.0,6.990980840171255,0.0,0.0,283.16454504153995,0.0,83.20173650792947,7.030374531632965,5.5,0.0,0.0,0.0,0.0,0.0,1,6,4,0,0,1
571,206,0.0,22.48068,39.398664000000004,2.627861982456533,1.5360590277777777,18.0,1.3,0.0,2015-01-01,2016-07-24,620.1725468807773,710.1264873676498,7.998556513426199,1.0,6.998556513426199,0.0,0.0,283.699994807184,0.0,83.27849004357896,7.033690477793254,5.5,0.0,0.0,0.0,0.0,0.0,1,6,4,0,0,1
572,207,0.0,22.659798,37.829937,2.5086851687782947,1.0762760416666668,18.0,1.3,0.0,2015-01-01,2016-07-25,621.0674879265217,710.94474644954,8.006129607091037,1.0,7.006129607091036,0.0,0.0,284.2359437287507,0.0,83.35521744390624,7.037007046570052,5.5,0.0,0.0,0.0,0.0,0.0,1,6,4,0,0,1
573,208,0.0,22.089220499999996,35.637186,2.285599844657087,1.6458072916666664,18.0,1.3,0.0,2015-01-01,2016-07-26,621.9624482142017,711.7613819243505,8.013700135831133,1.0,7.013700135831133,0.0,0.0,284.77239238553057,0.0,83.43191885749468,7.040324251457485,5.5,0.0,0.0,0.0,0.0,0.0,1,6,4,0,0,1
574,209,0.0,21.674649,34.519143,2.1694845495759134,1.4777604166666667,18.0,1.3,0.0,2015-01-01,2016-07-27,622.857428914572,712.5763949287989,8.021268114274333,1.0,7.021268114274333,0.0,0.0,285.3093413568767,0.0,83.50859443254744,7.043642105780777,5.5,0.0,0.0,0.0,0.0,0.0,1,6,4,0,0,1
575,210,0.0,21.518643,34.545144,2.159875899189982,1.0633940972222222,18.0,1.3,1.0,2015-01-01,2016-07-28,623.7524311974304,713.389786611615,8.028833557010955,1.0,7.028833557010954,0.0,0.0,285.84679122220564,0.0,83.58524431688745,7.046960622697143,5.5,0.0,0.0,0.0,0.0,0.0,1,6,4,0,0,1
576,211,0.0,20.467047,32.62107,1.9498535594712283,1.3522482638888889,9.180416666666666,1.3,1.0,2015-01-01,2016-07-29,624.6474562315987,714.2015581334539,8.036396478593772,1.0,7.036396478593772,0.0,0.0,286.3847425609973,0.0,83.66186865795734,7.0502798151984205,5.5,0.0,0.0,0.0,0.0,0.0,1,6,4,0,0,1
577,212,0.0,20.409267,33.669777,2.017721481778516,0.5082552083333334,3.3600000000000003,1.3,1.0,2015-01-01,2016-07-30,625.5425051849048,715.0117106668115,8.04395689353802,1.0,7.04395689353802,0.0,0.0,286.923195952796,0.0,83.73846760281938,7.053599696111141,5.5,0.0,0.0,0.0,0.0,0.0,1,6,4,0,0,1
578,213,0.0,23.711394,36.07920300000001,2.450524455132137,1.2313541666666665,5.673333333333333,1.3,0.0,2015-01-01,2016-07-31,626.4375792241656,715.8202453959389,8.05151481632139,1.0,7.05151481632139,0.0,0.0,287.4621519772101,0.0,83.81504129815539,7.056920278098355,5.5,0.0,0.0,0.0,0.0,0.0,1,6,4,0,0,1
579,214,0.0,23.165373,36.45188400000001,2.436287370471766,0.7385069444444444,6.272499999999999,1.3,0.0,2015-01-01,2016-08-01,627.3326795151671,716.6271635167582,8.059070261384015,1.0,7.059070261384014,0.0,0.0,288.00161121391307,0.0,83.89158989026677,7.060241573662031,5.5,0.0,0.0,0.0,0.0,0.0,1,6,4,0,0,1
580,215,0.0,23.191374,34.709817,2.299179747060456,0.9651388888888885,6.905833333333333,1.3,1.0,2015-01-01,2016-08-02,628.2278072226492,717.4324662367782,8.066623243128468,1.0,7.066623243128468,0.0,0.0,288.54157424264366,0.0,83.96811352507434,7.063563595142826,5.5,0.0,0.0,0.0,0.0,0.0,1,6,4,0,0,1
581,216,0.0,22.82736,34.328469,2.241753889084777,0.7248350694444444,8.16,1.3,1.0,2015-01-01,2016-08-03,629.1229635102875,718.2361547750097,8.074173775919782,1.0,7.074173775919782,0.0,0.0,289.0820416432066,0.0,84.04461234811855,7.066886354722634,5.5,0.0,0.0,0.0,0.0,0.0,1,6,4,0,0,1
582,217,0.0,22.732023,34.692483,2.2623081766566755,0.7668750000000001,8.16,1.3,0.0,2015-01-01,2016-08-04,630.0181495406765,719.0382303618827,8.081721874085428,1.0,7.081721874085428,0.0,0.0,289.6230139954729,0.0,84.12108650455929,7.070209864425392,5.5,0.0,0.0,0.0,0.0,0.0,1,6,4,0,0,1
583,218,0.0,23.910735,35.108499,2.3877207006944223,0.7696788194444444,8.16,1.3,0.0,2015-01-01,2016-08-05,630.9133664753128,719.8386942391622,8.089267551915327,1.0,7.089267551915326,0.0,0.0,290.1644918793803,0.0,84.19753613917604,7.07353413611883,5.5,0.0,0.0,0.0,0.0,0.0,1,6,4,0,0,1
584,219,0.0,23.95407,35.602518,2.431321432054535,0.6547048611111111,8.16,1.3,0.0,2015-01-01,2016-08-06,631.8086154745791,720.6375476598646,8.096810823661855,1.0,7.096810823661855,0.0,0.0,290.7064758749341,0.0,84.27396139636797,7.0768591815152035,5.5,0.0,0.0,0.0,0.0,0.0,1,6,4,0,0,1
585,220,0.0,24.604095,36.833232,2.589430304972824,0.8175434027777777,8.16,1.3,0.0,2015-01-01,2016-08-07,632.7038976977274,721.4347918881759,8.104351703539846,1.0,7.104351703539846,0.0,0.0,291.24896656220733,0.0,84.35036242015366,7.080185012174217,5.5,0.0,0.0,0.0,0.0,0.0,1,6,4,0,0,1
586,221,0.0,24.838104,37.38792,2.658350759112384,0.7130208333333334,8.16,1.3,0.0,2015-01-01,2016-08-08,633.5992143028637,722.2304281993681,8.111890205726608,1.0,7.111890205726608,0.0,0.0,291.7919645213417,0.0,84.42673935417174,7.083511639501504,5.5,0.0,0.0,0.0,0.0,0.0,1,6,4,0,0,1
587,222,0.0,24.154133249999997,36.460551,2.519205160345048,0.8116927083333334,8.16,1.3,0.0,2015-01-01,2016-08-09,634.4945664469315,723.0244578797175,8.119426344361909,1.0,7.119426344361909,0.0,0.0,292.3354703325476,0.0,84.5030923416803,7.086839074753683,5.5,0.0,0.0,0.0,0.0,0.0,1,6,4,0,0,1
588,223,0.0,23.815398000000002,36.313212,2.4784952154830613,0.8409114583333334,8.16,1.3,0.0,2015-01-01,2016-08-10,635.389955285697,723.8168822264219,8.12696013354801,1.0,7.12696013354801,0.0,0.0,292.87948457610537,0.0,84.57942152555766,7.090167329036584,5.5,0.0,0.0,0.0,0.0,0.0,1,6,4,0,0,1
589,224,0.0,25.210785,36.703227000000005,2.6308971080024666,1.038168402777778,8.16,1.3,0.0,2015-01-01,2016-08-11,636.2853819737346,724.6077025475196,8.134491587349679,1.0,7.134491587349678,0.0,0.0,293.42400783236553,0.0,84.65572704830196,7.093496413307722,5.5,0.0,0.0,0.0,0.0,0.0,1,6,4,0,0,1
590,225,0.0,25.843476,37.578594,2.7659117700220124,1.0050868055555555,8.16,1.3,0.0,2015-01-01,2016-08-12,637.1808476644094,725.3969201618074,8.142020719794168,1.0,7.142020719794168,0.0,0.0,293.9690406817492,0.0,84.73200905203154,7.096166848067384,5.5,0.0,0.0,0.0,0.0,0.0,1,6,4,0,0,1
591,226,0.0,24.446644499999998,37.959942,2.674351848137509,0.879921875,8.16,1.3,0.0,2015-01-01,2016-08-13,638.0762702927481,726.1845363987597,8.149546845544997,1.0,7.149546845544997,0.0,0.0,294.51453300880144,0.0,84.80826059320535,7.082081307304596,5.5,0.0,0.0,0.0,0.0,0.0,1,6,4,0,0,1
592,227,0.0,24.344085,36.486552,2.537477650980537,0.7400868055555556,8.16,1.3,1.0,2015-01-01,2016-08-14,638.9695375747368,726.9705525984476,8.157052224971883,1.0,7.157052224971883,0.0,0.0,295.0591966012005,0.0,84.88430194134934,7.0680132788744086,5.5,0.0,0.0,0.0,0.0,0.0,1,6,4,0,0,1
593,228,0.0,24.196745999999997,34.458474,2.358572999896011,0.8060243055555555,8.16,1.3,2.0,2015-01-01,2016-08-15,639.8606557520475,727.754970111458,8.164536934082157,1.0,7.1645369340821565,0.0,0.0,295.60303144877764,0.0,84.9601338665378,7.053962734097414,5.5,0.0,0.0,0.0,0.0,0.0,1,6,4,0,0,1
594,229,0.0,24.401865,33.565773,2.3043607624558016,0.9193315972222222,8.16,1.3,0.0,2015-01-01,2016-08-16,640.7496310233986,728.5377902988135,8.17200104832347,1.0,7.1720010483234695,0.0,0.0,296.1460375429037,0.0,85.03575713317467,7.039929645371813,5.5,0.0,0.0,0.0,0.0,0.0,1,6,4,0,0,1
595,230,0.0,23.711394,33.947121,2.280343878846259,1.1546614583333334,8.16,1.3,0.0,2015-01-01,2016-08-17,641.6364695451414,729.3190145318924,8.17944464259088,1.0,7.17944464259088,0.0,0.0,296.6882148765559,0.0,85.11117250006515,7.025913986157597,5.5,0.0,0.0,0.0,0.0,0.0,1,6,4,0,0,1
596,231,0.0,22.9703655,34.631814000000006,2.2759905421137243,0.5980208333333334,8.16,1.3,0.0,2015-01-01,2016-08-18,642.5211774318371,730.0986441923491,8.186867791233858,1.0,7.186867791233857,0.0,0.0,297.22956344438563,0.0,85.18638072048675,7.011915730939739,5.5,0.0,0.0,0.0,0.0,0.0,1,6,4,0,0,1
597,232,0.0,21.228298499999998,34.033791,2.101438077402028,0.6704079861111111,8.16,1.3,0.0,2015-01-01,2016-08-19,643.4037607568238,730.8766806720339,8.194270568063153,1.0,7.194270568063153,0.0,0.0,297.770083242783,0.0,85.26138254225908,6.997934855223395,5.5,0.0,0.0,0.0,0.0,0.0,1,6,4,0,0,1
598,233,0.0,20.660610000000002,33.765114000000004,2.0419470563648487,0.8223350694444445,8.16,1.3,0.0,2015-01-01,2016-08-20,644.2842255527744,731.6531253729152,8.201653046357572,1.0,7.201653046357572,0.0,0.0,298.3097742699414,0.0,85.33617870781205,6.983971335489192,5.5,0.0,0.0,0.0,0.0,0.0,1,6,4,0,0,1
599,234,0.0,21.067959,33.028419,2.0189267797721366,0.7668923611111113,8.16,1.3,0.0,2015-01-01,2016-08-21,645.162577812245,732.4279797069993,8.209015298870629,1.0,7.209015298870629,0.0,0.0,298.84863652592014,0.0,85.41076995425375,6.970025149192729,5.5,0.0,0.0,0.0,0.0,0.0,1,6,4,0,0,1
600,235,0.0,21.180629999999997,33.271095,2.043774156436372,0.5833072916666668,8.16,1.3,0.0,2015-01-01,2016-08-22,646.0388234882148,733.2012450962528,8.216357397837111,1.0,7.21635739783711,0.0,0.0,299.3866700127066,0.0,85.48515701343665,6.956096274727047,5.5,0.0,0.0,0.0,0.0,0.0,1,6,4,0,0,1
601,236,0.0,21.04990275,33.808449,2.072534037224971,0.64453125,8.16,1.3,0.0,2015-01-01,2016-08-23,646.9129684946173,733.972922972524,8.22367941497952,1.0,7.22367941497952,0.0,0.0,299.9238747342766,0.0,85.55934061202295,6.94218469140518,5.5,0.0,0.0,0.0,0.0,0.0,1,6,4,0,0,1
602,237,0.0,20.461269,34.129128,2.053542788460005,1.0224913194444445,8.16,1.3,0.0,2015-01-01,2016-08-24,647.7850187068614,734.7430147774644,8.230981421514416,1.0,7.230981421514416,0.0,0.0,300.46025069665376,0.0,85.63332147154898,6.928290379447266,5.5,0.0,0.0,0.0,0.0,0.0,1,6,4,0,0,1
603,238,0.0,20.365932,33.739113,2.01952966421235,0.7757552083333334,8.16,1.3,0.0,2015-01-01,2016-08-25,648.6549799623464,735.5115219624521,8.23826348815869,1.0,7.238263488158689,0.0,0.0,300.99579790796827,0.0,85.7071003084884,6.914413319951276,5.5,0.0,0.0,0.0,0.0,0.0,1,6,4,0,0,1
604,239,0.0,21.35397,36.807231,2.3195112909883613,0.7297135416666667,8.16,1.3,1.0,2015-01-01,2016-08-26,649.5228580609668,736.2784459885135,8.245525685135673,1.0,7.245525685135673,0.0,0.0,301.5305163785137,0.0,85.78067783431462,6.900553494873009,5.5,0.0,0.0,0.0,0.0,0.0,1,6,4,0,0,1
605,240,0.0,22.48068,37.413921,2.4591014254101062,1.0756510416666667,8.16,1.3,0.0,2015-01-01,2016-08-27,650.3886587656095,737.0437883262467,8.252768082181236,1.0,7.252768082181236,0.0,0.0,302.06440612080365,0.0,85.85405475556205,6.886710887009827,5.5,0.0,0.0,0.0,0.0,0.0,1,6,4,0,0,1
606,241,0.0,23.104704,35.507181,2.355123763126592,0.6601996527777777,8.16,1.3,1.0,2015-01-01,2016-08-28,651.2523878026427,737.8075504557443,8.259990748549708,1.0,7.259990748549708,0.0,0.0,302.597467149626,0.0,85.92723177388646,6.872885479986251,5.5,0.0,0.0,0.0,0.0,0.0,1,6,4,0,0,1
607,242,0.0,24.196745999999997,36.651225000000004,2.538949326991488,0.5541927083333335,8.16,1.3,1.0,2015-01-01,2016-08-29,652.1140508623987,738.5697338665175,8.267193753019766,1.0,7.267193753019766,0.0,0.0,303.1296994820981,0.0,86.00020958612447,6.859077258215395,5.5,0.0,0.0,0.0,0.0,0.0,1,6,4,0,0,1
608,243,0.0,24.656097,36.287211,2.5470568299002743,0.8410416666666667,8.16,1.3,1.0,2015-01-01,2016-08-30,652.9736535996446,739.3303400574192,8.2743771639002,1.0,7.2743771639001995,0.0,0.0,303.6611031377183,0.0,86.07298888435203,6.8452862069059845,5.5,0.0,0.0,0.0,0.0,0.0,1,6,4,0,0,1
609,244,0.0,24.872771999999998,35.680521000000006,2.5140315904596275,1.022482638888889,8.16,1.3,1.0,2015-01-01,2016-08-31,653.8312016340514,740.0893705365686,8.2815410490356,1.0,7.2815410490355985,0.0,0.0,304.1916781384191,0.0,86.14557035594197,6.831512312027625,5.5,0.0,0.0,0.0,0.0,0.0,1,6,4,0,0,1
610,245,0.0,25.296010499999998,35.507181,2.535149015526223,0.8801996527777778,8.16,1.3,2.0,2015-01-01,2016-09-01,654.6867005506504,740.8468268212754,8.288685475811953,1.0,7.288685475811953,0.0,0.0,304.72142450861725,0.0,86.21795468362085,6.817755560297784,5.5,0.0,0.0,0.0,0.0,0.0,1,6,4,0,0,1
611,246,0.0,20.513271,33.31443,2.000315050485665,1.22859375,8.16,1.3,1.0,2015-01-01,2016-09-02,655.540155900286,741.6027104379646,8.295810511162163,1.0,7.295810511162163,0.0,0.0,305.2503422752641,0.0,86.29014254552465,6.804015939154567,5.5,0.0,0.0,0.0,0.0,0.0,1,6,4,0,0,1
612,247,0.0,20.166591,33.860451000000005,2.014109352412987,0.4615885416666667,8.16,1.3,1.0,2015-01-01,2016-09-03,656.3915732000576,742.3570229221007,8.302916221571458,1.0,7.302916221571457,0.0,0.0,305.7784314678938,0.0,86.36213461525368,6.790293436761504,5.5,0.0,0.0,0.0,0.0,0.0,1,6,4,0,0,1
613,248,0.0,22.081998,35.143167,2.2470425824140503,1.4649739583333332,8.16,1.3,1.0,2015-01-01,2016-09-04,657.2409579337583,743.1097658181145,8.310002673082733,1.0,7.310002673082733,0.0,0.0,306.3056921186721,0.0,86.43393156192691,6.776588041970323,5.5,0.0,0.0,0.0,0.0,0.0,1,6,4,0,0,1
614,249,0.0,21.217464749999998,35.576517,2.2143291373635425,0.9549739583333332,8.16,1.3,0.0,2015-01-01,2016-09-05,658.0883155523054,743.8609406793273,8.317069931301848,1.0,7.317069931301847,0.0,0.0,306.8321242624427,0.0,86.50553405023525,6.762899744302697,5.5,0.0,0.0,0.0,0.0,0.0,1,6,4,0,0,1
615,250,0.0,19.993251,34.857156,2.071968759125214,0.7885243055555555,8.16,1.3,0.0,2015-01-01,2016-09-06,658.9336514741606,744.6105490678768,8.324118061402746,1.0,7.3241180614027455,0.0,0.0,307.35772793677273,0.0,86.57694274049372,6.749228533962677,5.5,0.0,0.0,0.0,0.0,0.0,1,6,4,0,0,1
616,251,0.0,18.494582249999997,31.390356,1.743900350863425,1.5381597222222223,6.82875,1.3,1.0,2015-01-01,2016-09-07,659.7769710857509,745.3585925546447,8.331147128132622,1.0,7.331147128132622,0.0,0.0,307.88250318199937,0.0,86.64815828869358,6.735574401771847,5.5,0.0,0.0,0.0,0.0,0.0,1,6,4,0,0,1
617,252,0.0,17.87344725,30.150975,1.6332187910439946,1.2831336805555555,6.30625,1.3,1.0,2015-01-01,2016-09-08,660.618279741874,746.1050727191808,8.338157195816892,1.0,7.338157195816892,0.0,0.0,308.4064500412715,0.0,86.71918134655301,6.721937339210784,5.5,0.0,0.0,0.0,0.0,0.0,1,6,4,0,0,1
618,253,0.0,17.505822,31.503027,1.6909919101628987,0.9258072916666666,5.28,1.3,0.0,2015-01-01,2016-09-09,661.4575827661059,746.8499911496323,8.345148328364175,1.0,7.345148328364175,0.0,0.0,308.92956856059556,0.0,86.79001256156715,6.70831733835123,5.5,0.0,0.0,0.0,0.0,0.0,1,6,4,0,0,1
619,254,0.0,20.002640250000002,33.097755,1.9506821459520167,0.9390711805555555,5.28,1.3,1.0,2015-01-01,2016-09-10,662.2948854511956,747.5933494426683,8.352120589271154,1.0,7.352120589271154,0.0,0.0,309.45185878887554,0.0,86.8606525770578,6.694714391875768,5.5,0.0,0.0,0.0,0.0,0.0,1,6,4,0,0,1
620,255,0.0,18.849207,32.300391000000005,1.822823510858257,0.7536458333333333,5.28,1.3,1.0,2015-01-01,2016-09-11,663.1301930594564,748.3351492034095,8.359074041627375,1.0,7.359074041627375,0.0,0.0,309.9733207779558,0.0,86.93110203222165,6.681128493046538,5.5,0.0,0.0,0.0,0.0,0.0,1,6,4,0,0,1
621,256,0.0,18.502527,32.352393,1.804160301776288,0.9301909722222222,5.952916666666667,1.3,1.0,2015-01-01,2016-09-12,663.9635108231515,749.075392045354,8.366008748119988,1.0,7.366008748119987,0.0,0.0,310.49395458266054,0.0,87.00136156217853,6.6675596356999165,5.5,0.0,0.0,0.0,0.0,0.0,1,6,4,0,0,1
622,257,0.0,17.679161999999998,30.566991,1.646078775653909,1.3058333333333332,6.48,1.3,0.0,2015-01-01,2016-09-13,664.794843944873,749.8140795903062,8.37292477103838,1.0,7.372924771038379,0.0,0.0,311.0137602608345,0.0,87.07143179801837,6.654007814213431,5.5,0.0,0.0,0.0,0.0,0.0,1,6,4,0,0,1
623,258,0.0,20.773281,33.409767,2.024962693678974,0.6641753472222222,6.48,1.3,0.0,2015-01-01,2016-09-14,665.624197597913,750.5512134683041,8.379822172278786,1.0,7.379822172278786,0.0,0.0,311.5327378733799,0.0,87.14131336684773,6.640473023529714,5.5,0.0,0.0,0.0,0.0,0.0,1,6,4,0,0,1
624,259,0.0,20.339931,35.203836,2.1218112267296605,1.2566319444444445,6.48,1.3,0.0,2015-01-01,2016-09-15,666.451576926634,751.2867953175494,8.386701013348805,1.0,7.386701013348804,0.0,0.0,312.05088748429694,0.0,87.21100689183577,6.6269552590899,5.5,0.0,0.0,0.0,0.0,0.0,1,6,4,0,0,1
625,260,0.0,19.689906,33.071754000000006,1.9279352312100453,0.7205642361111111,5.155833333333334,1.3,2.0,2015-01-01,2016-09-16,667.2769870468264,752.0208267843342,8.393561355371837,1.0,7.393561355371838,0.0,0.0,312.5682091607181,0.0,87.28051299225912,6.613454516874493,5.5,0.0,0.0,0.0,0.0,0.0,1,6,4,0,0,1
626,261,0.0,20.642553749999998,32.343726000000004,1.9429929924573883,1.2968315972222222,3.492916666666667,1.3,1.0,2015-01-01,2016-09-17,668.1004330460688,752.7533095229722,8.40040325909149,1.0,7.40040325909149,0.0,0.0,313.0847029729466,0.0,87.34983228354638,6.599970793339088,5.5,0.0,0.0,0.0,0.0,0.0,1,6,4,0,0,1
627,262,0.0,17.014692,29.474949,1.5465863405794529,1.465251736111111,4.32,1.3,0.0,2015-01-01,2016-09-18,668.921919984074,753.4842451957261,8.407226784875883,1.0,7.407226784875883,0.0,0.0,313.60036899449005,0.0,87.41896537732197,6.586504085449516,5.5,0.0,0.0,0.0,0.0,0.0,1,6,4,0,0,1
628,263,0.0,16.075767,31.139013,1.587003516471166,0.5837065972222222,4.32,1.3,0.0,2015-01-01,2016-09-19,669.7414528930378,754.2136354727387,8.414031992721918,1.0,7.4140319927219185,0.0,0.0,314.11520730209656,0.0,87.48791288144936,6.573054390628603,5.5,0.0,0.0,0.0,0.0,0.0,1,6,4,0,0,1
629,264,0.0,17.202477000000002,32.525733,1.73433045523953,0.6049479166666667,4.32,1.3,0.0,2015-01-01,2016-09-20,670.5590367779762,754.9414820319624,8.420818942259467,1.0,7.4208189422594675,0.0,0.0,314.62921797578747,0.0,87.55667540007323,6.5596217067631795,5.5,0.0,0.0,0.0,0.0,0.0,1,6,4,0,0,1
630,265,0.0,19.481898,32.742408,1.892325264519921,1.2976909722222223,4.32,1.3,0.0,2015-01-01,2016-09-21,671.3746766170605,755.667786559089,8.424639913282835,1.0,7.424639913282835,0.0,0.0,315.14240109889056,0.0,87.5953878716633,6.54620603220216,5.5,0.0,0.0,0.0,0.0,0.0,1,6,4,0,0,1
631,266,0.0,19.551234,32.603736,1.8877725059511,0.5485416666666666,4.32,1.3,0.0,2015-01-01,2016-09-22,672.1883773619479,756.3925507474813,8.424246724129189,1.0,7.424246724129189,0.0,0.0,315.6547567580733,0.0,87.59140424450493,6.532807365706376,5.5,0.0,0.0,0.0,0.0,0.0,1,6,4,0,0,1
632,267,0.0,20.339931,32.413062000000004,1.927356270262402,0.4908940972222222,4.32,1.3,0.0,2015-01-01,2016-09-23,673.0001439381033,757.1157762981024,8.423844219447798,1.0,7.423844219447798,0.0,0.0,316.16628504337245,0.0,87.58732623633684,6.5194257064902414,5.5,0.0,0.0,0.0,0.0,0.0,1,6,4,0,0,1
633,268,0.0,17.4639315,31.121679,1.6659381253502288,0.8239930555555556,4.32,1.3,0.0,2015-01-01,2016-09-24,673.8099812451219,757.8374649194491,8.42343244981224,1.0,7.423432449812241,0.0,0.0,316.6769860482271,0.0,87.58315435954935,6.506061054152443,5.5,0.0,0.0,0.0,0.0,0.0,1,6,4,0,0,1
634,269,0.0,15.89376,28.842257999999998,1.4525426969417723,1.124592013888889,4.32,1.3,0.0,2015-01-01,2016-09-25,674.6178941570403,758.5576183274804,8.42301146584214,1.0,7.423011465842141,0.0,0.0,317.18685986950646,0.0,87.57888912699913,6.4927134087147795,5.5,0.0,0.0,0.0,0.0,0.0,1,6,4,0,0,1
635,270,0.0,15.607749000000002,29.093601,1.4507351036545433,0.4650868055555556,4.32,1.3,0.0,2015-01-01,2016-09-26,675.4238875226488,759.2762382455517,8.422581318184557,1.0,7.422581318184557,0.0,0.0,317.6959066075406,0.0,87.57453105182086,6.479382770579666,5.5,0.0,0.0,0.0,0.0,0.0,1,6,4,0,0,1
636,271,0.0,17.462487,30.532323,1.6315079970395876,0.6379861111111113,4.32,1.3,0.0,2015-01-01,2016-09-27,676.2279661657954,759.9933264043458,8.422142057513845,1.0,7.422142057513845,0.0,0.0,318.2041263661488,0.0,87.57008064742585,6.466069140527769,5.5,0.0,0.0,0.0,0.0,0.0,1,6,4,0,0,1
637,272,0.0,18.225183,30.254979,1.6597467574500389,0.7471267361111112,4.32,1.3,0.0,2015-01-01,2016-09-28,677.030134885686,760.708884541805,8.421693734529004,1.0,7.421693734529004,0.0,0.0,318.71151925266645,0.0,87.56553842747505,6.452772519710989,5.5,0.0,0.0,0.0,0.0,0.0,1,6,4,0,0,1
638,273,0.0,13.339884,25.080779999999997,1.15399577679083,1.699887152777778,4.32,1.3,0.0,2015-01-01,2016-09-29,677.8303984571812,761.4229144030642,8.42123639994787,1.0,7.421236399947871,0.0,0.0,319.2180853779736,0.0,87.56090490582024,6.43949290963722,5.5,0.0,0.0,0.0,0.0,0.0,1,6,4,0,0,1
639,274,0.0,12.868977000000001,24.968109,1.1293409189365622,0.8375694444444445,4.210416666666667,1.3,1.0,2015-01-01,2016-09-30,678.628761631086,762.1354177403832,8.420770104502603,1.0,7.420770104502603,0.0,0.0,319.7238248565201,0.0,87.55618059645825,6.426230312160482,5.5,0.0,0.0,0.0,0.0,0.0,1,6,4,0,0,1
640,275,0.0,13.0755405,23.832732,1.0910525676556286,1.169887152777778,5.644166666666667,1.3,3.0,2015-01-01,2016-10-01,679.4252291344391,762.8463963130808,8.420294898938055,1.0,7.420294898938055,0.0,0.0,320.22873780635217,0.0,87.55136601351464,6.412984729473313,5.5,0.0,0.0,0.0,0.0,0.0,1,6,4,0,0,1
641,276,0.0,12.288288,23.893401,1.0618991393828758,0.7054774305555556,4.5600000000000005,1.3,2.0,2015-01-01,2016-10-02,680.2198056707933,763.5558518874672,8.419810834002968,1.0,7.419810834002968,0.0,0.0,320.73282434913733,0.0,87.54646167115439,6.39975616408815,5.5,0.0,0.0,0.0,0.0,0.0,1,6,4,0,0,1
642,277,0.0,13.475667,25.514129999999998,1.178493521080705,0.5383854166666668,4.5600000000000005,1.3,0.0,2015-01-01,2016-10-03,681.0124959204951,764.263786236778,8.41931796045625,1.0,7.419317960456249,0.0,0.0,321.23608461018813,0.0,87.5414680836453,6.386544618848167,5.5,0.0,0.0,0.0,0.0,0.0,1,6,4,0,0,1
643,278,0.0,13.545003,27.290865,1.261121336080616,0.40915798611111115,4.5600000000000005,1.3,0.0,2015-01-01,2016-10-04,681.8033045409594,764.9702011411091,8.418816329048928,1.0,7.418816329048928,0.0,0.0,321.7385187184874,0.0,87.53638576517551,6.373350096886984,5.5,0.0,0.0,0.0,0.0,0.0,1,6,4,0,0,1
644,279,0.0,15.313071,28.11423,1.3856563341577344,0.38058159722222223,4.5600000000000005,1.3,0.0,2015-01-01,2016-10-05,682.5922361669387,765.6750983873501,8.418305990531566,1.0,7.418305990531566,0.0,0.0,322.2401268067098,0.0,87.53121522992836,6.360172601642608,5.5,0.0,0.0,0.0,0.0,0.0,1,6,4,0,0,1
645,280,0.0,15.807089999999999,28.677585,1.439482163562868,0.5906770833333334,4.5600000000000005,1.3,0.0,2015-01-01,2016-10-06,683.3792954107893,766.3784797691189,8.417786995647644,1.0,7.417786995647644,0.0,0.0,322.74090901124487,0.0,87.52595699201541,6.347012136842467,5.5,0.0,0.0,0.0,0.0,0.0,1,6,4,0,0,1
646,281,0.0,15.659751,29.526951,1.4762213351396944,0.5777517361111112,4.5600000000000005,1.3,0.0,2015-01-01,2016-10-07,684.1644868627341,767.0803470866973,8.417259395129772,1.0,7.417259395129772,0.0,0.0,323.2408654722191,0.0,87.52061156543822,6.333868706492809,5.5,0.0,0.0,0.0,0.0,0.0,1,6,4,0,0,1
647,282,0.0,14.897055000000002,29.726292,1.4466752118718635,0.805607638888889,4.5600000000000005,1.3,3.0,2015-01-01,2016-10-08,684.9478150911206,767.7807021469657,8.416723239692525,1.0,7.416723239692525,0.0,0.0,323.73999633351735,0.0,87.51517946401549,6.320742314862058,5.5,0.0,0.0,0.0,0.0,0.0,1,6,4,0,0,1
648,283,0.0,15.88003725,29.708958,1.49764204013887,0.3775260416666667,4.5600000000000005,1.3,1.0,2015-01-01,2016-10-09,685.7292846426745,768.4795467633386,8.416178580037121,1.0,7.416178580037121,0.0,0.0,324.23830174280226,0.0,87.50966120143062,6.307632966489599,5.5,0.0,0.0,0.0,0.0,0.0,1,6,4,0,0,1
649,284,0.0,15.321738,29.015598,1.4318738520019485,0.5600086805555555,4.5600000000000005,1.3,0.0,2015-01-01,2016-10-10,686.5089000427519,769.1768827557005,8.415625466839996,1.0,7.415625466839996,0.0,0.0,324.73578185153565,0.0,87.50405729111601,6.294540666159094,5.5,0.0,0.0,0.0,0.0,0.0,1,6,4,0,0,1
650,285,0.0,14.827719000000002,28.261568999999998,1.368825395172426,0.6671006944444444,4.5600000000000005,1.3,2.0,2015-01-01,2016-10-11,687.2866657955843,769.8727119503418,8.415063950752621,1.0,7.4150639507526215,0.0,0.0,325.2324368149971,0.0,87.49836824625098,6.281465418897817,5.5,0.0,0.0,0.0,0.0,0.0,1,6,4,0,0,1
651,286,0.0,14.934611999999998,27.784883999999998,1.3506172730651482,0.5111631944444445,4.5600000000000005,1.3,1.0,2015-01-01,2016-10-12,688.0625863845239,770.5670361798954,8.414494082403357,1.0,7.4144940824033565,0.0,0.0,325.72826679230286,0.0,87.49259457978083,6.268407229977295,5.5,0.0,0.0,0.0,0.0,0.0,1,6,4,0,0,1
652,287,0.0,13.458333,27.559542,1.269536078712695,0.9474305555555556,4.5600000000000005,1.3,1.0,2015-01-01,2016-10-13,688.8366662722817,771.259857283273,8.41391591238206,1.0,7.413915912382061,0.0,0.0,326.2232719464245,0.0,87.48673680426074,6.255366104880972,5.5,0.0,0.0,0.0,0.0,0.0,1,6,4,0,0,1
653,288,0.0,14.169027,26.874848999999998,1.2707421901323412,1.2126041666666667,4.5600000000000005,1.3,0.0,2015-01-01,2016-10-14,689.6089099011639,771.9511771056026,8.413329491251242,1.0,7.4133294912512415,0.0,0.0,326.7174524442058,0.0,87.4807954319688,6.242342049324991,5.5,0.0,0.0,0.0,0.0,0.0,1,6,4,0,0,1
654,289,0.0,15.09567375,25.964814,1.2715132866143946,0.8099131944444444,4.5600000000000005,1.3,1.0,2015-01-01,2016-10-15,690.3793216933053,772.6409974981648,8.412734869530999,1.0,7.412734869530999,0.0,0.0,327.2108084563805,0.0,87.47477097475331,6.229335069225755,5.5,0.0,0.0,0.0,0.0,0.0,1,6,4,0,0,1
655,290,0.0,13.527669,24.864105,1.152764230955658,0.7502604166666667,4.5600000000000005,1.3,1.0,2015-01-01,2016-10-16,691.1479060508977,773.3293203183309,8.412132097705106,1.0,7.412132097705106,0.0,0.0,327.7033401575884,0.0,87.46866394409479,6.216345170710808,5.5,0.0,0.0,0.0,0.0,0.0,1,6,4,0,0,1
656,291,0.0,12.743305499999998,25.817474999999998,1.1599851497506273,0.6994357638888888,4.5600000000000005,1.3,0.0,2015-01-01,2016-10-17,691.9146673564164,774.016147429501,8.41152122621207,1.0,7.41152122621207,0.0,0.0,328.19504772639186,0.0,87.46247485101485,6.203372360098596,5.5,0.0,0.0,0.0,0.0,0.0,1,6,4,0,0,1
657,292,0.0,12.036945,20.31393,0.9192081260484466,0.9773177083333334,4.4725,1.3,5.0,2015-01-01,2016-10-18,692.6796099728426,774.701480701041,8.41090230544319,1.0,7.410902305443191,0.0,0.0,328.68593134529067,0.0,87.45620420605698,6.19041664389332,5.5,0.0,0.0,0.0,0.0,0.0,1,6,4,0,0,1
658,293,0.0,10.572222,22.081998,0.9298584128679352,0.6298611111111111,3.12,1.3,1.0,2015-01-01,2016-10-19,693.4427382438815,775.3853220082217,8.410275385744304,1.0,7.410275385744304,0.0,0.0,329.1759912007367,0.0,87.44985251930412,6.1774780287869495,5.5,0.0,0.0,0.0,0.0,0.0,1,6,4,0,0,1
659,294,0.0,11.30025,23.425382999999997,1.0055260822614338,0.6243315972222222,3.12,1.3,2.0,2015-01-01,2016-10-20,694.2040564941808,776.0676732321576,8.40964051740676,1.0,7.4096405174067606,0.0,0.0,329.66522748314947,0.0,87.4434203002869,6.164556521639012,5.5,0.0,0.0,0.0,0.0,0.0,1,6,4,0,0,1
660,295,0.0,10.777341,22.463345999999998,0.950756640131368,0.9482378472222224,3.12,1.3,3.0,2015-01-01,2016-10-21,694.9635690295415,776.7485362597454,8.408997750668323,1.0,7.408997750668323,0.0,0.0,330.1536403869287,0.0,87.43690805799335,6.151652129476751,5.5,0.0,0.0,0.0,0.0,0.0,1,6,4,0,0,1
661,296,0.0,10.710894,21.362637,0.9095646302095256,0.8829774305555556,3.12,1.3,2.0,2015-01-01,2016-10-22,695.7212801371289,777.4279129836032,8.40834713570927,1.0,7.4083471357092705,0.0,0.0,330.6412301104684,0.0,87.43031630082892,6.1387648594859,5.5,0.0,0.0,0.0,0.0,0.0,1,6,4,0,0,1
662,297,0.0,10.485551999999998,21.813321,0.9173931606302124,0.4856684027777778,3.12,1.3,0.0,2015-01-01,2016-10-23,696.4771940856784,778.1058053020097,8.40768872265035,1.0,7.4076887226503505,0.0,0.0,331.12799685616915,0.0,87.42364553659593,6.1258947190054664,5.5,0.0,0.0,0.0,0.0,0.0,1,6,4,0,0,1
663,298,0.0,10.60689,21.631314000000003,0.9152796796483992,0.5854947916666666,3.2883333333333336,1.3,2.0,2015-01-01,2016-10-24,697.2313151257002,778.7822151188448,8.407022561551031,1.0,7.407022561551031,0.0,0.0,331.6139408304507,0.0,87.41689627247587,6.113041715522255,5.5,0.0,0.0,0.0,0.0,0.0,1,6,4,0,0,1
664,299,0.0,12.16695,17.341149,0.824490116563459,0.6119704861111112,5.812083333333333,1.3,5.0,2015-01-01,2016-10-25,697.9836474896799,779.4571443435289,8.40634870240731,1.0,7.4063487024073105,0.0,0.0,332.0990622437639,0.0,87.41006901500715,6.100205856665173,5.5,0.0,0.0,0.0,0.0,0.0,1,6,4,0,0,1
665,300,0.0,12.955646999999999,21.197964000000002,0.984108782881968,1.9789930555555555,8.785833333333334,1.3,4.0,2015-01-01,2016-10-26,698.7341953922768,780.130594890964,8.405667195140357,1.0,7.4056671951403565,0.0,0.0,332.5833613106023,0.0,87.4031642699701,6.087387150179518,5.5,0.0,0.0,0.0,0.0,0.0,1,6,4,0,0,1
666,301,0.0,15.451743,23.538054,1.1784935210807048,0.7032118055555556,8.16,1.3,1.0,2015-01-01,2016-10-27,699.4829630305164,780.8025686814726,8.404978089612937,1.0,7.404978089612937,0.0,0.0,333.06683824951153,0.0,87.39618254255325,6.074585603962081,5.5,0.0,0.0,0.0,0.0,0.0,1,6,4,0,0,1
667,302,0.0,14.567709,22.038663,1.0788549726622243,0.4432552083333333,8.16,1.3,4.0,2015-01-01,2016-10-28,700.2299545839871,781.4730676407412,8.40428143560743,1.0,7.40428143560743,0.0,0.0,333.54949328310187,0.0,87.38912433713077,6.061801226011722,5.5,0.0,0.0,0.0,0.0,0.0,1,6,4,0,0,1
668,303,0.0,15.451743,22.896696,1.1509190723662035,0.37356770833333336,3.9700000000000006,1.3,4.0,2015-01-01,2016-10-29,700.9751742150262,782.1420936997592,8.403577282831538,1.0,7.403577282831538,0.0,0.0,334.0313266380563,0.0,87.38199015732017,6.0490340244407586,5.5,0.0,0.0,0.0,0.0,0.0,1,6,4,0,0,1
669,304,0.0,14.801717999999997,23.685392999999998,1.156832709946629,0.4832118055555556,2.4000000000000004,1.3,1.0,2015-01-01,2016-10-30,701.7186260689061,782.8096487947605,8.402865680925931,1.0,7.402865680925931,0.0,0.0,334.51233854514044,0.0,87.37478050605985,6.036284007491479,5.5,0.0,0.0,0.0,0.0,0.0,1,6,4,0,0,1
670,305,0.0,14.697714000000001,23.347379999999998,1.1380752941612355,0.7909722222222223,4.491666666666666,1.3,2.0,2015-01-01,2016-10-31,702.4603142740227,783.4757348671674,8.402146679439396,1.0,7.4021466794393955,0.0,0.0,334.9925292392127,0.0,87.36749588535731,6.0235511834801585,5.5,0.0,0.0,0.0,0.0,0.0,1,6,4,0,0,1
671,306,0.0,16.604454,26.38083,1.3636827734884949,1.5516059027777778,6.771249999999999,1.3,1.0,2015-01-01,2016-11-01,703.2002429420717,784.14035386353,8.401420327849268,1.0,7.401420327849268,0.0,0.0,335.4718989592308,0.0,87.36013679649605,6.010835560841022,5.5,0.0,0.0,0.0,0.0,0.0,1,6,4,0,0,1
672,307,0.0,7.025252249999999,22.784025,0.8341010357655434,1.0495399305555555,7.760416666666667,1.3,4.0,2015-01-01,2016-11-02,703.9384161682303,784.8035077354698,8.400686675543442,1.0,7.400686675543442,0.0,0.0,335.95044794826174,0.0,87.35270373985348,5.998137148085949,5.5,0.0,0.0,0.0,0.0,0.0,1,6,4,0,0,1
673,308,0.0,5.822705999999999,17.869836,0.6570439591435353,1.0749913194444445,6.24,1.3,1.0,2015-01-01,2016-11-03,704.6748380313327,785.4651984396216,8.399945771830543,1.0,7.399945771830543,0.0,0.0,336.4281764534877,0.0,87.34519721500389,5.985455953826197,5.5,0.0,0.0,0.0,0.0,0.0,1,6,4,0,0,1
674,309,0.0,8.544144,18.970545,0.7632966284467207,0.919609375,6.24,1.3,0.0,2015-01-01,2016-11-04,705.4095125940437,786.1254279375776,8.39919766592356,1.0,7.399197665923561,0.0,0.0,336.90508472621514,0.0,87.33761772055253,5.972791986735825,5.5,0.0,0.0,0.0,0.0,0.0,1,6,4,0,0,1
675,310,0.0,9.731523,21.284634,0.8736090587966053,0.4397395833333333,6.24,1.3,1.0,2015-01-01,2016-11-05,706.1424439030301,786.7841981958286,8.398442406956105,1.0,7.398442406956105,0.0,0.0,337.3811730218799,0.0,87.3299657543005,5.9601452555845675,5.5,0.0,0.0,0.0,0.0,0.0,1,6,4,0,0,1
676,311,0.0,11.74587825,19.01388,0.8650808099662065,0.6426996527777779,7.69875,1.3,4.0,2015-01-01,2016-11-06,706.873635989129,787.4415111857093,8.39768004396079,1.0,7.39768004396079,0.0,0.0,337.8564416000546,0.0,87.32224181302563,5.947515769192917,5.5,0.0,0.0,0.0,0.0,0.0,1,6,4,0,0,1
677,312,0.0,8.691483,17.150475,0.7150676696805512,0.4850607638888888,5.057083333333334,1.3,3.0,2015-01-01,2016-11-07,707.6030928675149,788.0973688833401,8.39691062588491,1.0,7.39691062588491,0.0,0.0,338.3308907244543,0.0,87.31444639264136,5.934903536462937,5.5,0.0,0.0,0.0,0.0,0.0,1,6,4,0,0,1
678,313,0.0,6.2661675,19.455897,0.7117162226210525,0.7548784722222222,2.88,1.3,0.0,2015-01-01,2016-11-08,708.3308185378635,788.7517732695733,8.396134201572423,1.0,7.396134201572423,0.0,0.0,338.80452066294225,0.0,87.30657998801401,5.922308566338881,5.5,0.0,0.0,0.0,0.0,0.0,1,6,4,0,0,1
679,314,0.0,6.256056,19.741908,0.7194493796626682,0.2632986111111111,2.88,1.3,0.0,2015-01-01,2016-11-09,709.0568169845121,789.4047263299344,8.395350819777137,1.0,7.395350819777137,0.0,0.0,339.2773316875343,0.0,87.29864309309681,5.9097308678358385,5.5,0.0,0.0,0.0,0.0,0.0,1,6,4,0,0,1
680,315,0.0,7.582107,21.258633,0.8035400895806961,0.42669270833333334,2.88,1.3,1.0,2015-01-01,2016-11-10,709.7810921766212,790.0562300545694,8.394560529148878,1.0,7.394560529148878,0.0,0.0,339.7493240744046,0.0,87.29063620078927,5.8971704500078514,5.5,0.0,0.0,0.0,0.0,0.0,1,6,4,0,0,1
681,316,0.0,10.962237,23.546720999999998,0.9973658228224762,0.5524913194444445,2.88,1.3,2.0,2015-01-01,2016-11-11,710.5036480683294,790.7062864381876,8.393763378239901,1.0,7.3937633782399015,0.0,0.0,340.2204981038893,0.0,87.28255980300243,5.884627321961146,5.5,0.0,0.0,0.0,0.0,0.0,1,6,4,0,0,1
682,317,0.0,10.658892,23.702727,0.991850100578495,0.290390625,2.88,1.3,2.0,2015-01-01,2016-11-12,711.2244885989095,791.3548974800074,8.39295941550096,1.0,7.392959415500959,0.0,0.0,340.6908540604908,0.0,87.2744143906189,5.872101492845621,5.5,0.0,0.0,0.0,0.0,0.0,1,6,4,0,0,1
683,318,0.0,10.520219999999998,21.830654999999997,0.9192081260484466,0.6901215277777778,2.88,1.3,5.0,2015-01-01,2016-11-13,711.9436176929213,792.0020651837021,8.392148689272302,1.0,7.392148689272302,0.0,0.0,341.1603922328817,0.0,87.26620045340181,5.8595929718339725,5.5,0.0,0.0,0.0,0.0,0.0,1,6,4,0,0,1
684,319,0.0,11.603594999999999,23.746062,1.0293559294225485,0.4558506944444444,2.88,1.3,4.0,2015-01-01,2016-11-14,712.6610392603612,792.6477915573444,8.39133124779397,1.0,7.391331247793969,0.0,0.0,341.6291129139071,0.0,87.25791848009897,5.847101768142833,5.5,0.0,0.0,0.0,0.0,0.0,1,6,4,0,0,1
685,320,0.0,12.054279000000001,23.234709,1.0270175939950368,0.4886197916666666,2.88,1.3,7.0,2015-01-01,2016-11-15,713.3767571968112,793.2920786133525,8.390507139197407,1.0,7.390507139197407,0.0,0.0,342.0970164005882,0.0,87.24956895835793,5.834627891014417,5.5,0.0,0.0,0.0,0.0,0.0,1,6,4,0,0,1
686,321,0.0,14.047688999999998,21.761319,1.0472125742753673,1.0726215277777778,2.88,1.3,7.0,2015-01-01,2016-11-16,714.090775383585,793.9349283684369,8.389676411501599,1.0,7.389676411501599,0.0,0.0,342.5641029941245,0.0,87.24115237468683,5.8221713497077,5.5,0.0,0.0,0.0,0.0,0.0,1,6,4,0,0,1
687,322,0.0,14.403036,21.293301,1.0428076754584004,1.8500694444444443,2.88,1.3,6.0,2015-01-01,2016-11-17,714.8030976878717,794.576342843546,8.388839112619028,1.0,7.388839112619028,0.0,0.0,343.0303729998957,0.0,87.23266921451476,5.8097321535096755,5.5,0.0,0.0,0.0,0.0,0.0,1,6,4,0,0,1
688,323,0.0,7.251316499999999,21.44064,0.7989337376238176,0.9634722222222224,2.88,1.3,1.0,2015-01-01,2016-11-18,715.5137279628798,795.2163240638131,8.387995290349867,1.0,7.387995290349867,0.0,0.0,343.4958267274642,0.0,87.22411996213307,5.797310311722498,5.5,0.0,0.0,0.0,0.0,0.0,1,6,4,0,0,1
689,324,0.0,5.372021999999999,15.148398,0.5789861146441849,1.2926041666666666,2.88,1.3,1.0,2015-01-01,2016-11-19,716.2226700479753,795.8548740585038,8.387144992372647,1.0,7.387144992372647,0.0,0.0,343.96046449057604,0.0,87.21550510060052,5.784905833642679,5.5,0.0,0.0,0.0,0.0,0.0,1,6,4,0,0,1
690,325,0.0,5.475303749999999,12.418293,0.5206582137026943,1.123454861111111,2.540833333333333,1.3,7.0,2015-01-01,2016-11-20,716.9299277688199,796.4919948609613,8.386288266263627,1.0,7.386288266263627,0.0,0.0,344.4242866071611,0.0,87.20682511193978,5.772518728602417,5.5,0.0,0.0,0.0,0.0,0.0,1,6,4,0,0,1
691,326,0.0,3.1099349999999992,10.684892999999999,0.4399738868536106,0.992578125,2.4000000000000004,1.3,5.0,2015-01-01,2016-11-21,717.6355049375102,797.127688508557,8.3854251594697,1.0,7.385425159469699,0.0,0.0,344.88729339933593,0.0,87.19808047686277,5.760149005909997,5.5,0.0,0.0,0.0,0.0,0.0,1,6,4,0,0,1
692,327,0.0,-0.5995409999999994,7.564773,0.3298440381095278,1.2003819444444443,2.4000000000000004,1.3,4.0,2015-01-01,2016-11-22,718.3394053527081,797.761957042635,8.38455571932607,1.0,7.38455571932607,0.0,0.0,345.349485193402,0.0,87.18927167494994,5.747796674886531,5.5,0.0,0.0,0.0,0.0,0.0,1,6,4,0,0,1
693,328,0.0,-2.0137065000000005,5.380688999999999,0.2822828679490784,1.5951475694444444,2.4000000000000004,1.3,1.0,2015-01-01,2016-11-23,719.0416327997756,798.3948025084617,8.383679993048302,1.0,7.383679993048302,0.0,0.0,345.81086231984676,0.0,87.18039918456951,5.73546174485064,5.5,0.0,0.0,0.0,0.0,0.0,1,6,4,0,0,1
694,329,0.0,-2.714289,5.3460209999999995,0.2733491856708634,0.8993749999999999,2.4000000000000004,1.3,0.0,2015-01-01,2016-11-24,719.7421910509055,799.0262269551745,8.382798027729285,1.0,7.382798027729285,0.0,0.0,346.27142511334364,0.0,87.17146348284678,5.723144225107916,5.5,0.0,0.0,0.0,0.0,0.0,1,6,4,0,0,1
695,330,0.0,-4.187679,9.419511,0.3061129489479089,0.6521267361111112,2.4000000000000004,1.3,0.0,2015-01-01,2016-11-25,720.4410838652492,799.6562324357292,8.381909870337514,1.0,7.381909870337514,0.0,0.0,346.73117391275105,0.0,87.1624650456469,5.7108441249488315,5.5,0.0,0.0,0.0,0.0,0.0,1,6,4,0,0,1
696,331,0.0,-0.738213,10.615556999999999,0.3733949647179039,1.242951388888889,2.4000000000000004,1.3,0.0,2015-01-01,2016-11-26,721.1383149890435,800.2848210068487,8.38101556772668,1.0,7.3810155677266795,0.0,0.0,347.1901090611108,0.0,87.15340434767164,5.698561453668155,5.5,0.0,0.0,0.0,0.0,0.0,1,6,4,0,0,1
697,332,0.0,1.5585419999999992,12.331623,0.4417171420405221,0.7991319444444445,2.4000000000000004,1.3,0.0,2015-01-01,2016-11-27,721.833888155738,800.9119947289737,8.380115166613075,1.0,7.380115166613075,0.0,0.0,347.6482309056487,0.0,87.14428186223097,5.6862962205156675,5.5,0.0,0.0,0.0,0.0,0.0,1,6,4,0,0,1
698,333,0.0,4.357982999999999,13.978352999999998,0.5301098217839405,0.5016059027777778,2.4000000000000004,1.3,0.0,2015-01-01,2016-11-28,722.5278070861157,801.5377556662102,8.379208713596109,1.0,7.379208713596109,0.0,0.0,348.10553979777114,0.0,87.13509806145035,5.6740484347387,5.5,0.0,0.0,0.0,0.0,0.0,1,6,4,0,0,1
699,334,0.0,5.3286869999999995,16.110435,0.6007044042103024,0.4145225694444445,2.4000000000000004,1.3,0.0,2015-01-01,2016-11-29,723.2200754884163,802.1621058862793,8.37829625514417,1.0,7.3782962551441695,0.0,0.0,348.5620360930642,0.0,87.12585341612805,5.66181810555297,5.5,0.0,0.0,0.0,0.0,0.0,1,6,4,0,0,1
700,335,0.0,7.044753,16.32711,0.6487526839490155,0.8340538194444445,2.4000000000000004,1.3,3.0,2015-01-01,2016-11-30,723.9106970584567,802.7850474604681,8.377377837598932,1.0,7.377377837598932,0.0,0.0,349.01772015129154,0.0,87.1165483957784,5.6496052421497245,5.5,0.0,0.0,0.0,0.0,0.0,1,6,4,0,0,1
701,336,0.0,9.332841,14.212361999999999,0.6532229367841921,1.943515625,7.411666666666666,1.3,8.0,2015-01-01,2016-12-01,724.5996754797479,803.4065824635791,8.376453507171961,1.0,7.376453507171961,0.0,0.0,349.4725923363917,0.0,87.10718346859757,5.637409853688051,5.5,0.0,0.0,0.0,0.0,0.0,1,6,4,0,0,1
702,337,0.0,10.666114499999999,13.284993,0.663797082254395,2.17234375,14.299583333333333,1.3,7.0,2015-01-01,2016-12-02,725.2870144236133,804.0267129738804,8.375523309939958,1.0,7.3755233099399575,0.0,0.0,349.9266530164756,0.0,87.09775910141528,5.625231949284544,5.5,0.0,0.0,0.0,0.0,0.0,1,6,4,0,0,1
703,338,0.0,7.9071195,16.881798,0.686100520058022,0.7292187499999999,10.32,1.3,1.0,2015-01-01,2016-12-03,725.9727175493018,804.6454410730562,8.374587291858706,1.0,7.374587291858706,0.0,0.0,350.379902563823,0.0,87.08827575983624,5.613071538042207,5.5,0.0,0.0,0.0,0.0,0.0,1,6,4,0,0,1
704,339,0.0,6.082716,17.982507000000002,0.6667969004814046,0.44642361111111106,10.32,1.3,2.0,2015-01-01,2016-12-04,726.6567885041052,805.2627688461589,8.373645498734476,1.0,7.373645498734476,0.0,0.0,350.83234135488067,0.0,87.07873390795028,5.600928628988791,5.5,0.0,0.0,0.0,0.0,0.0,1,6,4,0,0,1
705,340,0.0,7.634109,17.62716,0.6989636789593897,0.851623263888889,8.973333333333334,1.3,3.0,2015-01-01,2016-12-05,727.3392309234644,805.878698381558,8.372697976253262,1.0,7.372697976253262,0.0,0.0,351.28396977025636,0.0,87.0691340086287,5.588803231138265,5.5,0.0,0.0,0.0,0.0,0.0,1,6,4,0,0,1
706,341,0.0,1.5830985000000002,14.498373,0.4835043752500468,0.7487934027777778,9.836666666666666,1.3,5.0,2015-01-01,2016-12-06,728.0200484310843,806.4932317708931,8.371744769964772,1.0,7.3717447699647725,0.0,0.0,351.7347881947171,0.0,87.05947652336202,5.576695353457161,5.5,0.0,0.0,0.0,0.0,0.0,1,6,4,0,0,1
707,342,0.0,0.3971639999999992,13.406331,0.4401321130374273,0.4781163194444444,10.32,1.3,0.0,2015-01-01,2016-12-07,728.6992446390427,807.1063711090264,8.37078592527565,1.0,7.37078592527565,0.0,0.0,352.18479701718513,0.0,87.04976191219123,5.564605004847734,5.5,0.0,0.0,0.0,0.0,0.0,1,6,4,0,0,1
708,343,0.0,3.2486069999999994,12.158283,0.4702835016950699,0.942578125,10.32,1.3,6.0,2015-01-01,2016-12-08,729.376823147895,807.7181184939923,8.36982148745698,1.0,7.36982148745698,0.0,0.0,352.633996630732,0.0,87.03999063378389,5.552532194164916,5.5,0.0,0.0,0.0,0.0,0.0,1,6,4,0,0,1
709,344,0.0,2.0178929999999995,10.060869,0.4096176631154151,0.958090277777778,10.32,1.3,1.0,2015-01-01,2016-12-09,730.0527875467803,808.32847602695,8.368851501647606,1.0,7.368851501647606,0.0,0.0,353.08238743257425,0.0,87.03016314546782,5.540476930222338,5.5,0.0,0.0,0.0,0.0,0.0,1,6,4,0,0,1
710,345,0.0,3.4046129999999994,12.366291,0.4773774659049496,0.4678559027777778,10.32,1.3,1.0,2015-01-01,2016-12-10,730.7271414135289,808.9374458121379,8.36787601284747,1.0,7.36787601284747,0.0,0.0,353.5299698240698,0.0,87.02027990316351,5.5284392217771625,5.5,0.0,0.0,0.0,0.0,0.0,1,6,4,0,0,1
711,346,0.0,4.65555,12.626300999999998,0.5078434060654088,0.7289409722222222,4.3025,1.3,2.0,2015-01-01,2016-12-11,731.3998883147631,809.5450299568247,8.366895065904071,1.0,7.366895065904071,0.0,0.0,353.9767442107123,0.0,87.01034136124696,5.516419077501089,5.5,0.0,0.0,0.0,0.0,0.0,1,6,4,0,0,1
712,347,0.0,3.3526109999999996,13.016316,0.4892370876807367,0.9449479166666666,3.12,1.3,1.0,2015-01-01,2016-12-12,732.0710318059971,810.1512305712613,8.365908705541267,1.0,7.365908705541267,0.0,0.0,354.4227110021242,0.0,87.00034797284148,5.504416506041046,5.5,0.0,0.0,0.0,0.0,0.0,1,6,4,0,0,1
713,348,0.0,5.372021999999999,14.004354,0.5529104469596238,1.201779513888889,3.12,1.3,4.0,2015-01-01,2016-12-13,732.740575431741,810.7560497686366,8.364916976331102,1.0,7.364916976331102,0.0,0.0,354.86787061205314,0.0,86.99030018953229,5.4924315159586525,5.5,0.0,0.0,0.0,0.0,0.0,1,6,4,0,0,1
714,349,0.0,6.238721999999999,14.897055000000002,0.5934551926264521,1.4719097222222224,3.0708333333333333,1.3,1.0,2015-01-01,2016-12-14,733.4085227255971,811.3594896650288,8.363919922707028,1.0,7.363919922707028,0.0,0.0,355.31222345836534,0.0,86.98019846150041,5.480464115757681,5.5,0.0,0.0,0.0,0.0,0.0,1,6,4,0,0,1
715,350,0.0,3.993969,10.43355,0.4516573672501419,1.1728819444444445,7.273750000000001,1.3,3.0,2015-01-01,2016-12-15,734.074877210358,811.9615523793605,8.362917588955867,1.0,7.362917588955867,0.0,0.0,355.7557699630393,0.0,86.9700432374413,5.468514313866118,5.5,0.0,0.0,0.0,0.0,0.0,1,6,4,0,0,1
716,351,0.0,3.8206289999999994,9.601517999999999,0.4332175229407881,0.6431597222222222,3.3600000000000003,1.3,3.0,2015-01-01,2016-12-16,734.7396423981019,812.5622400333505,8.361910019222051,1.0,7.3619100192220515,0.0,0.0,356.1985105521592,0.0,86.95983496460784,5.45658211864581,5.5,0.0,0.0,0.0,0.0,0.0,1,6,4,0,0,1
717,352,0.0,1.5614309999999998,11.542926,0.4275288706635524,0.5453125000000001,3.3600000000000003,1.3,4.0,2015-01-01,2016-12-17,735.4028217902882,813.1615547514702,8.360897257510683,1.0,7.360897257510683,0.0,0.0,356.6404456559084,0.0,86.94957408884115,5.444667538396866,5.5,0.0,0.0,0.0,0.0,0.0,1,6,4,0,0,1
718,353,0.0,-0.07952100000000062,7.989456,0.3434514004557772,0.7635243055555556,3.3600000000000003,1.3,2.0,2015-01-01,2016-12-18,736.0644188778514,813.7594986608979,8.359879347672894,1.0,7.359879347672894,0.0,0.0,357.08157570856383,0.0,86.93926105442249,5.432770581327272,5.5,0.0,0.0,0.0,0.0,0.0,1,6,4,0,0,1
719,354,0.0,2.0698949999999994,9.168168,0.3954336418338839,1.6482118055555555,3.3600000000000003,1.3,4.0,2015-01-01,2016-12-19,736.7244371412926,814.3560738914716,8.358856333419086,1.0,7.3588563334190855,0.0,0.0,357.52190114848713,0.0,86.92889630420729,5.420891255579491,5.5,0.0,0.0,0.0,0.0,0.0,1,6,4,0,0,1
720,355,0.0,1.9225559999999993,9.766191,0.402982477267151,0.8159114583333335,3.3600000000000003,1.3,4.0,2015-01-01,2016-12-20,737.3828800507703,814.951282575646,8.357828258306306,1.0,7.357828258306306,0.0,0.0,357.96142241811845,0.0,86.91848027949719,5.409029569203939,5.5,0.0,0.0,0.0,0.0,0.0,1,6,4,0,0,1
721,356,0.0,0.9951869999999996,10.43355,0.3986119825368328,0.40111979166666667,3.3600000000000003,1.3,1.0,2015-01-01,2016-12-21,738.0397510661894,815.5451268484453,8.356795165758038,1.0,7.356795165758038,0.0,0.0,358.40013996396806,0.0,86.90801342024069,5.397185530200126,5.5,0.0,0.0,0.0,0.0,0.0,1,6,4,0,0,1
722,357,0.0,2.5198567499999998,11.395586999999999,0.4421803910862335,0.5260937499999999,3.3600000000000003,1.3,6.0,2015-01-01,2016-12-22,738.695053637293,816.1376088474221,8.355757099031738,1.0,7.355757099031738,0.0,0.0,358.83805423661073,0.0,86.89749616470415,5.385359146447062,5.5,0.0,0.0,0.0,0.0,0.0,1,6,4,0,0,1
723,358,0.0,1.8358859999999995,11.256915,0.4273232603452402,0.4236111111111111,3.3600000000000003,1.3,0.0,2015-01-01,2016-12-23,739.3487912037448,816.7287307126096,8.35471410124796,1.0,7.354714101247961,0.0,0.0,359.2751656906749,0.0,86.8869289497669,5.3735504257650115,5.5,0.0,0.0,0.0,0.0,0.0,1,6,4,0,0,1
724,359,0.0,2.841258,9.835526999999999,0.4199792418273714,1.1423263888888888,6.0475,1.3,6.0,2015-01-01,2016-12-24,740.000967195219,817.3184945864793,8.353666215372924,1.0,7.3536662153729235,0.0,0.0,359.7114747848367,0.0,86.87631221074456,5.361759375877326,5.5,0.0,0.0,0.0,0.0,0.0,1,6,4,0,0,1
725,360,0.0,7.798781999999999,10.329546,0.525650575192478,1.340190972222222,15.877083333333337,1.3,7.0,2015-01-01,2016-12-25,740.651585031483,817.9069026138966,8.352613484226115,1.0,7.352613484226115,0.0,0.0,360.14698198181054,0.0,86.8656463814662,5.349986004426822,5.5,0.0,0.0,0.0,0.0,0.0,1,6,4,0,0,1
726,361,0.0,5.822705999999999,12.106281,0.5214082194544272,0.7298958333333334,3.6,1.3,6.0,2015-01-01,2016-12-26,741.3006481224829,818.4939569420778,8.35155595047075,1.0,7.35155595047075,0.0,0.0,360.58168774834155,0.0,86.85493189417755,5.338230318954726,5.5,0.0,0.0,0.0,0.0,0.0,1,6,4,0,0,1
727,362,0.0,5.3373539999999995,9.6231855,0.4617121174169082,0.987404513888889,9.700833333333332,1.3,8.0,2015-01-01,2016-12-27,741.9481598684241,819.079659720546,8.350493656624417,1.0,7.350493656624417,0.0,0.0,361.01559255519555,0.0,86.84416917964897,5.326492326922251,5.5,0.0,0.0,0.0,0.0,0.0,1,6,4,0,0,1
728,363,0.0,3.1532699999999996,11.074908,0.4479470476311507,0.8849826388888888,8.424166666666666,1.3,3.0,2015-01-01,2016-12-28,742.5941236598543,819.6640131010881,8.349426645052189,1.0,7.349426645052189,0.0,0.0,361.4486968771511,0.0,86.83335866710557,5.314772035696466,5.5,0.0,0.0,0.0,0.0,0.0,1,6,4,0,0,1
729,364,0.0,3.023265,13.146321,0.4852553023646834,0.994392361111111,6.48,1.3,3.0,2015-01-01,2016-12-29,743.2385428777436,820.247019237713,8.348354957961496,1.0,7.3483549579614955,0.0,0.0,361.88100119299065,0.0,86.82250078417522,5.303069452538161,5.5,0.0,0.0,0.0,0.0,0.0,1,6,4,0,0,1
730,365,0.0,6.715407,15.919761000000001,0.6300532827773128,0.29779513888888887,6.48,1.3,3.0,2015-01-01,2016-12-30,743.8814208935629,820.8286802866069,8.347278637410016,1.0,7.347278637410016,0.0,0.0,362.3125059854898,0.0,86.8115959569687,5.291384584618352,5.5,0.0,0.0,0.0,0.0,0.0,1,6,4,0,0,1
731,366,0.0,10.104204,14.983725,0.694218807579173,0.9689409722222222,6.48,1.3,4.0,2015-01-01,2016-12-31,744.5227610693627,821.4089984060925,8.34619772530729,1.0,7.34619772530729,0.0,0.0,362.7432117414088,0.0,86.80064461009582,5.279717439021589,5.5,0.0,0.0,0.0,0.0,0.0,1,6,4,0,0,1
732,1,0.0,7.127811749999999,15.183066,0.6219735407909153,0.5538541666666666,6.206250000000001,1.3,5.0,2015-01-01,2017-01-01,745.1625667578509,821.987975756587,8.345112263397848,1.0,7.345112263397848,0.0,0.0,363.1731189514836,0.0,86.78964716649459,5.268068022708556,5.5,0.0,0.0,0.0,0.0,0.0,1,6,4,0,0,1
733,2,0.0,6.348503999999999,13.371663000000002,0.5606352182674423,0.8697829861111112,5.76,1.3,1.0,2015-01-01,2017-01-02,745.8008413024673,822.5656145005587,8.344022293283048,1.0,7.344022293283048,0.0,0.0,363.6022281104138,0.0,86.77860404765255,5.256436342563605,5.5,0.0,0.0,0.0,0.0,0.0,1,6,4,0,0,1
734,3,0.0,3.6992909999999997,12.123615000000001,0.4783985636808638,0.6066753472222222,5.76,1.3,0.0,2015-01-01,2017-01-03,746.4375880374603,823.1419168024868,8.342927856402483,1.0,7.342927856402483,0.0,0.0,364.03053971685506,0.0,86.76751567341812,5.244822405353298,5.5,0.0,0.0,0.0,0.0,0.0,1,6,4,0,0,1
735,4,0.0,1.8192742499999994,11.482257,0.4310505941557982,0.4959114583333333,5.76,1.3,0.0,2015-01-01,2017-01-04,747.0728102879598,823.7168848288193,8.341828994042093,1.0,7.341828994042093,0.0,0.0,364.45805427340736,0.0,86.7563824620831,5.233226217744167,5.5,0.0,0.0,0.0,0.0,0.0,1,6,4,0,0,1
736,5,0.0,-0.36553200000000086,12.192951,0.4053306861249968,0.5659461805555556,5.76,1.3,0.0,2015-01-01,2017-01-05,747.7065113700504,824.2905207479316,8.34072574733283,1.0,7.340725747332829,0.0,0.0,364.88477228660486,0.0,86.74520483036908,5.221647786298593,5.5,0.0,0.0,0.0,0.0,0.0,1,6,4,0,0,1
737,6,0.0,2.173898999999999,13.03365,0.4664382949649117,0.3682378472222222,5.76,1.3,0.0,2015-01-01,2017-01-06,748.338694590844,824.862826730086,8.339618157249435,1.0,7.339618157249435,0.0,0.0,365.3106942669056,0.0,86.73398319341487,5.210087117472714,5.5,0.0,0.0,0.0,0.0,0.0,1,6,4,0,0,1
738,7,0.0,2.7892559999999995,13.319661,0.4840491469277941,0.471328125,5.76,1.3,0.0,2015-01-01,2017-01-07,748.9693632485499,825.4338049473909,8.3385062646082,1.0,7.338506264608201,0.0,0.0,365.7358207286809,0.0,86.72271796475395,5.19854421761039,5.5,0.0,0.0,0.0,0.0,0.0,1,6,4,0,0,1
739,8,0.0,4.1846429999999994,13.796346,0.522511998165391,0.44469618055555554,5.76,1.3,0.0,2015-01-01,2017-01-08,749.5985206325461,826.0034575737595,8.337390110075749,1.0,7.337390110075749,0.0,0.0,366.1601521902037,0.0,86.71140955640342,5.187019092961591,5.5,0.0,0.0,0.0,0.0,0.0,1,6,4,0,0,1
740,9,0.0,4.045971,13.588338,0.5151922469370643,1.1002256944444444,5.643750000000001,1.3,1.0,2015-01-01,2017-01-09,750.2261700234478,826.5717867848714,8.336269734149056,1.0,7.336269734149056,0.0,0.0,366.5836891736391,0.0,86.7000583786617,5.175511749640027,5.5,0.0,0.0,0.0,0.0,0.0,1,6,4,0,0,1
741,10,0.0,6.431562749999999,14.671713,0.592683083924762,0.4926822916666667,4.025,1.3,1.0,2015-01-01,2017-01-10,750.8523146931751,827.1387947581302,8.335145177179523,1.0,7.335145177179523,0.0,0.0,367.0064322050308,0.0,86.68866484035216,5.164022193672943,5.5,0.0,0.0,0.0,0.0,0.0,1,6,4,0,0,1
742,11,0.0,5.7360359999999995,14.715048,0.5773754561751416,0.2925347222222222,3.6,1.3,3.0,2015-01-01,2017-01-11,751.4769579050212,827.7044836726254,8.334016479354434,1.0,7.334016479354434,0.0,0.0,367.42838181429227,0.0,86.67722934863541,5.152550430961824,5.5,0.0,0.0,0.0,0.0,0.0,1,6,4,0,0,1
743,12,0.0,3.057933,13.961019,0.5024222873742116,0.4915104166666666,3.6,1.3,1.0,2015-01-01,2017-01-12,752.1001029137185,828.2688557090923,8.332883680703015,1.0,7.332883680703015,0.0,0.0,367.84953853519335,0.0,86.66575230907083,5.141096467295232,5.5,0.0,0.0,0.0,0.0,0.0,1,6,4,0,0,1
744,13,0.0,3.257274,11.222247,0.4526297300851195,0.37466145833333336,3.6,1.3,1.0,2015-01-01,2017-01-13,752.7217529655035,828.8319130498724,8.3317468210993,1.0,7.3317468210992995,0.0,0.0,368.2699029053492,0.0,86.65423412564533,5.1296603083534125,5.5,0.0,0.0,0.0,0.0,0.0,1,6,4,0,0,1
745,14,0.0,1.2898649999999998,10.034868,0.3968755534666019,0.944236111111111,3.6,1.3,3.0,2015-01-01,2017-01-14,753.3419112981824,829.3936578788746,8.330605940256453,1.0,7.3306059402564525,0.0,0.0,368.68947546620916,0.0,86.64267520071597,5.118241959696614,5.5,0.0,0.0,0.0,0.0,0.0,1,6,4,0,0,1
746,15,0.0,2.1218969999999997,9.237504,0.3974536185459161,0.6577690972222222,3.6,1.3,7.0,2015-01-01,2017-01-15,753.9605811411944,829.9540923815366,8.32946107772825,1.0,7.329461077728251,0.0,0.0,369.10825676304376,0.0,86.63107593502498,5.106841426767605,5.5,0.0,0.0,0.0,0.0,0.0,1,6,4,0,0,1
747,16,0.0,4.4114295,11.924274,0.4885714605716628,0.6208680555555556,3.6,1.3,2.0,2015-01-01,2017-01-16,754.5777657156747,830.5132187447857,8.328312272909177,1.0,7.3283122729091765,0.0,0.0,369.5262473449334,0.0,86.61943672770074,5.095458714890819,5.5,0.0,0.0,0.0,0.0,0.0,1,6,4,0,0,1
748,17,0.0,3.5346179999999996,13.38033,0.5002918092375734,0.35708333333333336,3.6,1.3,4.0,2015-01-01,2017-01-17,755.1934682345154,831.0710391570005,8.32715956503509,1.0,7.327159565035091,0.0,0.0,369.9434477647554,0.0,86.60775797626445,5.084093829274739,5.5,0.0,0.0,0.0,0.0,0.0,1,6,4,0,0,1
749,18,0.0,4.427319,12.669636,0.5040253967869062,0.469296875,3.6,1.3,4.0,2015-01-01,2017-01-18,755.8076919024285,831.6275558079728,8.326002993181572,1.0,7.3260029931815716,0.0,0.0,370.3598585791723,0.0,86.59604007661343,5.0727467750062525,5.5,0.0,0.0,0.0,0.0,0.0,1,6,4,0,0,1
750,19,0.0,4.418652,12.903645,0.508681989853352,0.5198524305555555,3.6,1.3,0.0,2015-01-01,2017-01-19,756.4204399160053,832.1827708888695,8.32473278520514,1.0,7.324732785205139,0.0,0.0,370.77548034861877,0.0,86.58317086355206,5.061177996353395,5.5,0.0,0.0,0.0,0.0,0.0,1,6,4,0,0,1
751,20,0.0,4.669995,12.530964,0.50616989775956,0.4589149305555556,3.73125,1.3,3.0,2015-01-01,2017-01-20,757.0316860335427,832.7366865921956,8.323366252642762,1.0,7.323366252642762,0.0,0.0,371.19030509411675,0.0,86.56932573029289,5.04942571580874,5.5,0.0,0.0,0.0,0.0,0.0,1,6,4,0,0,1
752,21,0.0,6.273389999999999,10.095537,0.4892370876807367,0.2897222222222222,8.45875,1.3,6.0,2015-01-01,2017-01-21,757.6414087389982,833.2893051117553,8.321996605263989,1.0,7.321996605263989,0.0,0.0,371.6043261329844,0.0,86.55544903902386,5.037693540652301,5.5,0.0,0.0,0.0,0.0,0.0,1,6,4,0,0,1
753,22,0.0,2.6592509999999994,10.615556999999999,0.4305717942632265,0.47890625,5.79625,1.3,4.0,2015-01-01,2017-01-22,758.2496115381736,833.8406286426157,8.320623884996825,1.0,7.3206238849968255,0.0,0.0,372.0175440267154,0.0,86.54154121454188,5.025981477195168,5.5,0.0,0.0,0.0,0.0,0.0,1,6,4,0,0,1
754,23,0.0,0.3104939999999994,8.934159,0.3635230440160137,0.8734635416666668,2.88,1.3,1.0,2015-01-01,2017-01-23,758.8562979281314,834.3906593810698,8.319248133521365,1.0,7.319248133521365,0.0,0.0,372.42995934148985,0.0,86.52760267913217,5.014289531432045,5.5,0.0,0.0,0.0,0.0,0.0,1,6,4,0,0,1
755,24,0.0,-0.2528610000000002,8.691483,0.3512813807840039,0.641701388888889,2.88,1.3,2.0,2015-01-01,2017-01-24,759.4614713972413,834.9393995245991,8.317869392270588,1.0,7.3178693922705875,0.0,0.0,372.84157264815263,0.0,86.5136338525762,5.002617709043373,5.5,0.0,0.0,0.0,0.0,0.0,1,6,4,0,0,1
756,25,0.0,1.177194,9.670853999999999,0.3890022016547007,0.9354427083333332,5.4245833333333335,1.3,4.0,2015-01-01,2017-01-25,760.065135425226,835.4868512718372,8.316487702441055,1.0,7.316487702441055,0.0,0.0,373.25238452219213,0.0,86.49963515226025,4.9909660154187065,5.5,0.0,0.0,0.0,0.0,0.0,1,6,4,0,0,1
757,26,0.0,7.859451,13.042317,0.5879157425649308,0.9702690972222222,20.10375,1.3,7.0,2015-01-01,2017-01-26,760.6672934832083,836.0330168225337,8.315103104976137,1.0,7.315103104976137,0.0,0.0,373.66239554371975,0.0,86.48560699300533,4.9793344556206085,5.5,0.0,0.0,0.0,0.0,0.0,1,6,4,0,0,1
758,27,0.0,6.342726,8.240798999999999,0.4545800046632139,0.7593663194444444,14.452916666666663,1.3,7.0,2015-01-01,2017-01-27,761.2679490337534,836.5778983775169,8.313715640589244,1.0,7.313715640589244,0.0,0.0,374.0716062974467,0.0,86.47154978730255,4.9677230344350605,5.5,0.0,0.0,0.0,0.0,0.0,1,6,4,0,0,1
759,28,0.0,4.279979999999999,9.714189,0.443625831953569,1.048559027777778,19.40375,1.3,5.0,2015-01-01,2017-01-28,761.8671055309169,837.1214981386597,8.312325349743114,1.0,7.312325349743114,0.0,0.0,374.48001737266435,0.0,86.45746394510336,4.956131756328059,5.5,0.0,0.0,0.0,0.0,0.0,1,6,4,0,0,1
760,29,0.0,0.24115799999999954,6.854079,0.3316878222513268,0.5282899305555556,40.32,1.3,3.0,2015-01-01,2017-01-29,762.4647664202869,837.6638183088423,8.31093227266528,1.0,7.31093227266528,0.0,0.0,374.88762936322144,0.0,86.44334987397625,4.944560625477225,5.5,0.0,0.0,0.0,0.0,0.0,1,6,4,0,0,1
761,30,0.0,-0.5735400000000004,7.2787619999999995,0.3261836732421746,0.5034027777777778,40.32,1.3,1.0,2015-01-01,2017-01-30,763.0609351390275,838.2048610919169,8.309536449342858,1.0,7.309536449342858,0.0,0.0,375.2944428675023,0.0,86.42920797905384,4.933009645763522,5.5,0.0,0.0,0.0,0.0,0.0,1,6,4,0,0,1
762,31,0.0,3.6299549999999994,9.670853999999999,0.4310376474348044,1.1166319444444444,39.61416666666666,1.3,6.0,2015-01-01,2017-01-31,763.6556151159238,838.7446286926734,8.308137919525723,1.0,7.3081379195257234,0.0,0.0,375.7004584884055,0.0,86.41503866306518,4.921478820775404,5.5,0.0,0.0,0.0,0.0,0.0,1,6,4,0,0,1
763,32,0.0,2.8975934999999997,9.800858999999999,0.420358970847334,0.65671875,6.840833333333333,1.3,5.0,2015-01-01,2017-02-01,764.2488097714227,839.2831233168031,8.30673672272213,1.0,7.30673672272213,0.0,0.0,376.1056768333215,0.0,86.40084232629121,4.909968153802697,5.5,0.0,0.0,0.0,0.0,0.0,1,6,4,0,0,1
764,33,0.0,-1.483575000000001,4.271312999999999,0.275223503371001,1.2607725694444445,8.64,1.3,4.0,2015-01-01,2017-02-02,764.8405225176764,839.8203471708641,8.305332898208796,1.0,7.305332898208796,0.0,0.0,376.5100985141106,0.0,86.38661936666722,4.898477647855635,5.5,0.0,0.0,0.0,0.0,0.0,1,6,4,0,0,1
765,34,0.0,-2.0469300000000006,6.438063,0.2951579793467768,0.941953125,8.64,1.3,0.0,2015-01-01,2017-02-03,765.4307567585839,840.3563024622472,8.303926485025405,1.0,7.303926485025405,0.0,0.0,376.9137241470808,0.0,86.3723701797268,4.8870073056555405,5.5,0.0,0.0,0.0,0.0,0.0,1,6,4,0,0,1
766,35,0.0,-2.185602000000001,7.686111,0.3096891796227571,0.38390625,8.64,1.3,0.0,2015-01-01,2017-02-04,766.0195158898323,840.8909913991411,8.302517521974226,1.0,7.3025175219742255,0.0,0.0,377.31655435296614,0.0,86.35809515859822,4.875557129633074,5.5,0.0,0.0,0.0,0.0,0.0,1,6,4,0,0,1
767,36,0.0,-0.07952100000000062,8.388138,0.3493414706074711,0.6084809027777778,8.64,1.3,4.0,2015-01-01,2017-02-05,766.6068032989384,841.424416190498,8.301106047624415,1.0,7.301106047624415,0.0,0.0,377.7185897569034,0.0,86.343794694048,4.864127121937601,5.5,0.0,0.0,0.0,0.0,0.0,1,6,4,0,0,1
768,37,0.0,3.4566149999999998,11.204913,0.4560475777876542,0.4611284722222222,8.64,1.3,1.0,2015-01-01,2017-02-06,767.1926223652874,841.9565790459994,8.29969210031473,1.0,7.299692100314729,0.0,0.0,378.11983098841023,0.0,86.32946917450823,4.852717284444068,5.5,0.0,0.0,0.0,0.0,0.0,1,6,4,0,0,1
769,38,0.0,1.5412079999999992,11.950275,0.4344675346567914,0.6156336805555556,8.64,1.3,0.0,2015-01-01,2017-02-07,767.7769764601759,842.4874821760231,8.298275718150594,1.0,7.2982757181505935,0.0,0.0,378.52027868136304,0.0,86.31511898604711,4.841327618745899,5.5,0.0,0.0,0.0,0.0,0.0,1,6,4,0,0,1
770,39,0.0,3.3439439999999996,12.94698,0.4876755759712905,0.86515625,8.64,1.3,0.0,2015-01-01,2017-02-08,768.3598689468487,843.0171277916093,8.296936737644454,1.0,7.2969367376444545,0.0,0.0,378.9199334739742,0.0,86.3015529986354,4.830131348866579,5.5,0.0,0.0,0.0,0.0,0.0,1,6,4,0,0,1
771,40,0.0,6.334059,11.326251,0.5157380723937639,0.4980555555555556,8.640416666666667,1.3,8.0,2015-01-01,2017-02-09,768.9413240332287,843.545518104426,8.295837355411878,1.0,7.295837355411878,0.0,0.0,379.31881031366527,0.0,86.29041452017405,4.8194801144585115,5.5,0.0,0.0,0.0,0.0,0.0,1,6,4,0,0,1
772,41,0.0,1.9391677499999997,10.615556999999999,0.4178457606909176,0.7581944444444444,11.28,1.3,2.0,2015-01-01,2017-02-10,769.52140822979,844.0726553267377,8.294734055418248,1.0,7.294734055418248,0.0,0.0,379.7169532202053,0.0,86.27923634860522,4.808844340803107,5.5,0.0,0.0,0.0,0.0,0.0,1,6,4,0,0,1
773,42,0.0,0.8565149999999999,8.596146,0.3667428169710885,0.3503993055555556,11.28,1.3,7.0,2015-01-01,2017-02-11,770.1001242670819,844.5985416713713,8.293626879366498,1.0,7.293626879366498,0.0,0.0,380.1143625095515,0.0,86.2680189064455,4.798224048841876,5.5,0.0,0.0,0.0,0.0,0.0,1,6,4,0,0,1
774,43,0.0,5.086010999999999,7.928787,0.4259376748396415,0.763828125,9.683333333333332,1.3,7.0,2015-01-01,2017-02-12,770.6774748710408,845.1231793516833,8.29251586874437,1.0,7.2925158687443705,0.0,0.0,380.5110385029117,0.0,86.25676261403126,4.787619259208689,5.5,0.0,0.0,0.0,0.0,0.0,1,6,4,0,0,1
775,44,0.0,3.0044864999999996,5.892042,0.3581903246260113,0.6485763888888889,9.36,1.3,7.0,2015-01-01,2017-02-13,771.253462763009,845.6465705815283,8.291401064814247,1.0,7.291401064814247,0.0,0.0,380.90698152672275,0.0,86.24546788941561,4.7770299922091075,5.5,0.0,0.0,0.0,0.0,0.0,1,6,4,0,0,1
776,45,0.0,2.7632549999999996,8.050125,0.3884350202436276,0.5199913194444444,9.36,1.3,1.0,2015-01-01,2017-02-14,771.8280906597548,846.168717575225,8.29028250863394,1.0,7.29028250863394,0.0,0.0,381.30219191262677,0.0,86.23413514857899,4.766456267863472,5.5,0.0,0.0,0.0,0.0,0.0,1,6,4,0,0,1
777,46,0.0,4.1673089999999995,9.722856,0.4417171420405221,1.6480208333333333,9.014583333333333,1.3,4.0,2015-01-01,2017-02-15,772.4013612734936,846.6896225475255,8.289160241030501,1.0,7.289160241030501,0.0,0.0,381.6966699974506,0.0,86.22276480516395,4.755898105853694,5.5,0.0,0.0,0.0,0.0,0.0,1,6,4,0,0,1
778,47,0.0,5.6652555,11.308917,0.501504018556995,0.6398871527777777,6.585416666666666,1.3,5.0,2015-01-01,2017-02-16,772.9732773119046,847.2092877135822,8.288034302630692,1.0,7.288034302630692,0.0,0.0,382.0904161231809,0.0,86.21135727078376,4.7453555255867315,5.5,0.0,0.0,0.0,0.0,0.0,1,6,4,0,0,1
779,48,0.0,0.6571739999999995,7.443434999999999,0.3462573315406501,1.0261631944444445,3.6,1.3,6.0,2015-01-01,2017-02-17,773.5438414781528,847.7277152889176,8.286904733834074,1.0,7.286904733834074,0.0,0.0,382.4834306369438,0.0,86.19991295474979,4.7348285461384965,5.5,0.0,0.0,0.0,0.0,0.0,1,6,4,0,0,1
780,49,0.0,-2.4282779999999997,5.536695,0.279112089386643,0.98453125,3.6,1.3,2.0,2015-01-01,2017-02-18,774.1130564709068,848.2449074893909,8.285771574832093,1.0,7.2857715748320935,0.0,0.0,382.87571389098076,0.0,86.18843226426483,4.724317186294689,5.5,0.0,0.0,0.0,0.0,0.0,1,6,4,0,0,1
781,50,0.0,-2.237604,7.608108,0.3079541503426773,0.5346440972222222,3.6,1.3,0.0,2015-01-01,2017-02-19,774.6809249843566,848.7608665311682,8.28463486560257,1.0,7.28463486560257,0.0,0.0,383.2672662426262,0.0,86.1769156043674,4.713821464539275,5.5,0.0,0.0,0.0,0.0,0.0,1,6,4,0,0,1
782,51,0.0,1.0385219999999995,9.601517999999999,0.3856100686874451,0.4978298611111111,3.6,1.3,0.0,2015-01-01,2017-02-20,775.2474497082337,849.2755946306906,8.283494645906355,1.0,7.283494645906355,0.0,0.0,383.65808805428503,0.0,86.16536337789768,4.703341399047567,5.5,0.0,0.0,0.0,0.0,0.0,1,6,4,0,0,1
783,52,0.0,1.4892059999999994,10.814898,0.4134951844438598,0.5193315972222222,3.6,1.3,0.0,2015-01-01,2017-02-21,775.8126333278276,849.789094004643,8.282350955298641,1.0,7.282350955298641,0.0,0.0,384.0481796934089,0.0,86.15377598561231,4.692877007711472,5.5,0.0,0.0,0.0,0.0,0.0,1,6,4,0,0,1
784,53,0.0,1.9572239999999992,11.265582,0.429641422418403,0.4903819444444444,3.6,1.3,0.0,2015-01-01,2017-02-22,776.3764785240055,850.3013668699243,8.281203833115457,1.0,7.281203833115457,0.0,0.0,384.4375415324746,0.0,86.14215382604728,4.682428308109778,5.5,0.0,0.0,0.0,0.0,0.0,1,6,4,0,0,1
785,54,0.0,3.6819569999999997,11.56026,0.4671050253655666,0.3921440972222222,3.6,1.3,2.0,2015-01-01,2017-02-23,776.9389879732282,850.8124154436164,8.280053318490724,1.0,7.280053318490724,0.0,0.0,384.8261739489597,0.0,86.1304972956911,4.6719953175455995,5.5,0.0,0.0,0.0,0.0,0.0,1,6,4,0,0,1
786,55,0.0,2.6505839999999994,13.579671000000001,0.4864641103770806,0.5525173611111112,3.6,1.3,0.0,2015-01-01,2017-02-24,777.5001643475697,851.3222419429537,8.278899450337079,1.0,7.278899450337079,0.0,0.0,385.2140773253211,0.0,86.11880678879024,4.6615780530055675,5.5,0.0,0.0,0.0,0.0,0.0,1,6,4,0,0,1
787,56,0.0,5.042675999999999,15.148398,0.5713706124967257,0.7314756944444444,3.6,1.3,0.0,2015-01-01,2017-02-25,778.0600103147314,851.8308485852929,8.277742267368449,1.0,7.277742267368449,0.0,0.0,385.60125204896985,0.0,86.10708269757794,4.651176531208651,5.5,0.0,0.0,0.0,0.0,0.0,1,6,4,0,0,1
788,57,0.0,2.550913499999999,16.318443,0.541689329489794,0.5363888888888888,3.6,1.3,0.0,2015-01-01,2017-02-26,778.6185285380624,852.3382375880838,8.27658180808521,1.0,7.27658180808521,0.0,0.0,385.9876985122503,0.0,86.09532541212376,4.64079076857369,5.5,0.0,0.0,0.0,0.0,0.0,1,6,4,0,0,1
789,58,0.0,2.4945779999999993,14.489705999999998,0.5017112400021139,0.4881857638888889,3.6,1.3,1.0,2015-01-01,2017-02-27,779.1757216765745,852.8444111688389,8.275418110774188,1.0,7.275418110774188,0.0,0.0,386.3734171124156,0.0,86.08353532033378,4.630420781220893,5.5,0.0,0.0,0.0,0.0,0.0,1,6,4,0,0,1
790,59,0.0,5.476025999999999,16.84713,0.6222777842904043,0.4936371527777778,3.6,1.3,0.0,2015-01-01,2017-02-28,779.731592384958,853.3493715451034,8.274251213525888,1.0,7.274251213525888,0.0,0.0,386.7584082516041,0.0,86.07171280812494,4.620066585008006,5.5,0.0,0.0,0.0,0.0,0.0,1,6,4,0,0,1
791,60,0.0,6.351393,16.812462,0.6434239650040806,0.6597395833333332,3.6,1.3,2.0,2015-01-01,2017-03-01,780.2861433136004,853.8531209344276,8.273081154213124,1.0,7.2730811542131235,0.0,0.0,387.1426723368178,0.0,86.05985825920868,4.609728195485507,5.5,0.0,0.0,0.0,0.0,0.0,1,6,4,0,0,1
792,61,0.0,9.402177,14.983725,0.6752907765868653,1.0369357638888885,3.6229166666666655,1.3,7.0,2015-01-01,2017-03-02,780.8393771085997,854.3556615543355,8.271907970511604,1.0,7.271907970511604,0.0,0.0,387.52620977989704,0.0,86.04797205529945,4.599405627940142,5.5,0.0,0.0,0.0,0.0,0.0,1,6,4,0,0,1
793,62,0.0,9.211503,13.891683,0.6418770355213512,0.588046875,5.608750000000001,1.3,3.0,2015-01-01,2017-03-03,781.3912964117832,854.856995622298,8.27073169988178,1.0,7.270731699881781,0.0,0.0,387.909020997499,0.0,86.03605457593082,4.589098897357153,5.5,0.0,0.0,0.0,0.0,0.0,1,6,4,0,0,1
794,63,0.0,8.821488,15.070395000000001,0.6622449042698837,0.35171875,5.074166666666667,1.3,4.0,2015-01-01,2017-03-04,781.9419038607198,855.357125355702,8.269552379588742,1.0,7.269552379588742,0.0,0.0,388.29110641107263,0.0,86.02410619865688,4.578808018462169,5.5,0.0,0.0,0.0,0.0,0.0,1,6,4,0,0,1
795,64,0.0,5.380688999999999,12.799641000000001,0.5267622728218179,1.224930555555556,6.0,1.3,4.0,2015-01-01,2017-03-05,782.4912020887392,855.856052971824,8.26837004668493,1.0,7.268370046684931,0.0,0.0,388.6724664468368,0.0,86.01212729887752,4.568533005685408,5.5,0.0,0.0,0.0,0.0,0.0,1,6,4,0,0,1
796,65,0.0,4.9112265,9.783525000000001,0.4566739249541163,0.5821180555555556,4.504166666666666,1.3,5.0,2015-01-01,2017-03-06,783.0391937249435,856.3537806877998,8.267184738026522,1.0,7.267184738026522,0.0,0.0,389.0531015357555,0.0,86.00011825000395,4.558273873195756,5.5,0.0,0.0,0.0,0.0,0.0,1,6,4,0,0,1
797,66,0.0,4.1413079999999995,12.825641999999998,0.5013560494921371,0.43008680555555556,3.6,1.3,1.0,2015-01-01,2017-03-07,783.5858813942256,856.8503107205979,8.265996490261646,1.0,7.265996490261646,0.0,0.0,389.4330121135155,0.0,85.98807942333964,4.548030634876393,5.5,0.0,0.0,0.0,0.0,0.0,1,6,4,0,0,1
798,67,0.0,4.808667,13.978352999999998,0.5398861834714468,0.3502256944444444,3.6,1.3,1.0,2015-01-01,2017-03-08,784.1312677172806,857.3456452869898,8.26480533983864,1.0,7.26480533983864,0.0,0.0,389.81219862050193,0.0,85.97601118816377,4.5378033043434005,5.5,0.0,0.0,0.0,0.0,0.0,1,6,4,0,0,1
799,68,0.0,4.461987,15.226401,0.5599171935146969,0.6129774305555555,3.6,1.3,1.0,2015-01-01,2017-03-09,784.6753553106241,857.8397866035243,8.263611323003683,1.0,7.263611323003683,0.0,0.0,390.1906615017755,0.0,85.96391391170745,4.527591894938956,5.5,0.0,0.0,0.0,0.0,0.0,1,6,4,0,0,1
800,69,0.0,3.6732899999999997,16.855797,0.5791877252095009,0.7099826388888889,3.6,1.3,0.0,2015-01-01,2017-03-10,785.2181467866033,858.332736886498,8.262414475801563,1.0,7.262414475801563,0.0,0.0,390.5684012070483,0.0,85.95178795916127,4.517396419734597,5.5,0.0,0.0,0.0,0.0,0.0,1,6,4,0,0,1
801,70,0.0,9.896196,16.084433999999998,0.7189613589494692,1.8469704861111111,5.90625,1.3,5.0,2015-01-01,2017-03-11,785.759644753413,858.8244983519285,8.261214834075883,1.0,7.261214834075883,0.0,0.0,390.9454181906607,0.0,85.93963369367751,4.5072168915319475,5.5,0.0,0.0,0.0,0.0,0.0,1,6,4,0,0,1
802,71,0.0,9.04683,18.259851,0.7571475310050615,0.65765625,8.170833333333333,1.3,1.0,2015-01-01,2017-03-12,786.2998518151094,859.3150732155275,8.260012433477842,1.0,7.260012433477842,0.0,0.0,391.32171291155703,0.0,85.92745147645921,4.497053322880212,5.5,0.0,0.0,0.0,0.0,0.0,1,6,4,0,0,1
803,72,0.0,9.454179,16.197105,0.7097441544076452,0.9559375,7.122916666666667,1.3,6.0,2015-01-01,2017-03-13,786.8387705716247,859.8044636926741,8.258807309445157,1.0,7.258807309445157,0.0,0.0,391.69728583326366,0.0,85.91524166654636,4.486905726032815,5.5,0.0,0.0,0.0,0.0,0.0,1,6,4,0,0,1
804,73,0.0,8.734818,16.023765,0.685281614422998,1.0815190972222224,3.80375,1.3,4.0,2015-01-01,2017-03-14,787.3764036187777,860.2926719983857,8.257599497231878,1.0,7.257599497231878,0.0,0.0,392.07213742386233,0.0,85.90300462111817,4.476774113010168,5.5,0.0,0.0,0.0,0.0,0.0,1,6,4,0,0,1
805,74,0.0,7.339430999999999,18.025842,0.7018242840582439,0.4109201388888889,4.32,1.3,1.0,2015-01-01,2017-03-15,787.9127535482908,860.7797003472942,8.256389031889247,1.0,7.256389031889247,0.0,0.0,392.44626815596934,0.0,85.89074069529912,4.466658495559441,5.5,0.0,0.0,0.0,0.0,0.0,1,6,4,0,0,1
806,75,0.0,10.199541,17.904504,0.780958281509898,1.248376736111111,8.278333333333332,1.3,6.0,2015-01-01,2017-03-16,788.4478229478024,861.265550953618,8.255175948270338,1.0,7.255175948270338,0.0,0.0,392.8196785067107,0.0,85.87845024220587,4.456558885164423,5.5,0.0,0.0,0.0,0.0,0.0,1,6,4,0,0,1
807,76,0.0,9.731523,16.517784,0.7265585134791882,0.4640885416666667,3.905,1.3,1.0,2015-01-01,2017-03-17,788.9816144008788,861.7502260311358,8.253960281031269,1.0,7.253960281031269,0.0,0.0,393.1923689576985,0.0,85.86613361295964,4.44647529304803,5.5,0.0,0.0,0.0,0.0,0.0,1,6,4,0,0,1
808,77,0.0,9.566849999999999,17.063805,0.7374628451825166,0.9588454861111112,2.4000000000000004,1.3,6.0,2015-01-01,2017-03-18,789.5141304870274,862.2337277931599,8.252742064636406,1.0,7.252742064636406,0.0,0.0,393.56433999500643,0.0,85.85379115673886,4.436407730184182,5.5,0.0,0.0,0.0,0.0,0.0,1,6,4,0,0,1
809,78,0.0,11.430254999999999,17.081139,0.7933747046338451,0.8436631944444444,6.483333333333333,1.3,8.0,2015-01-01,2017-03-19,790.04537378171,862.716058452512,8.251521333352688,1.0,7.251521333352688,0.0,0.0,393.93559210914736,0.0,85.84142322072182,4.426356207284444,5.5,0.0,0.0,0.0,0.0,0.0,1,6,4,0,0,1
810,79,0.0,9.514848,16.769127,0.7275439189539374,0.6585937500000001,3.7066666666666666,1.3,3.0,2015-01-01,2017-03-20,790.5753468563558,863.1972202214952,8.250298121253904,1.0,7.250298121253904,0.0,0.0,394.3061257950488,0.0,85.82903015012974,4.416320734808804,5.5,0.0,0.0,0.0,0.0,0.0,1,6,4,0,0,1
811,80,0.0,8.23429875,13.813680000000002,0.6154905208622456,0.8658333333333335,6.417083333333334,1.3,5.0,2015-01-01,2017-03-21,791.1040522783724,863.6772153118702,8.249072462220848,1.0,7.249072462220848,0.0,0.0,394.67594155202903,0.0,85.81661228822865,4.4063013229649295,5.5,0.0,0.0,0.0,0.0,0.0,1,6,4,0,0,1
812,81,0.0,7.642776,13.440999000000001,0.59222024383953,0.8851388888888888,5.580416666666667,1.3,6.0,2015-01-01,2017-03-22,791.6314926111588,864.1560459348289,8.247844389937098,1.0,7.247844389937098,0.0,0.0,395.04503988377394,0.0,85.80416997628635,4.39629798169983,5.5,0.0,0.0,0.0,0.0,0.0,1,6,4,0,0,1
813,82,0.0,8.69942775,11.47359,0.5709556617089824,0.9811892361111112,18.034166666666668,1.3,8.0,2015-01-01,2017-03-23,792.1576704141173,864.6337143009689,8.246613937904186,1.0,7.246613937904186,0.0,0.0,395.41342129831196,0.0,85.79170355372631,4.386310720731734,5.5,0.0,0.0,0.0,0.0,0.0,1,6,4,0,0,1
814,83,0.0,3.86324175,9.982866000000001,0.4409107898990027,1.0595659722222222,9.777916666666666,1.3,6.0,2015-01-01,2017-03-24,792.6825882426662,865.11022262027,8.245381139420346,1.0,7.245381139420346,0.0,0.0,395.7810863079924,0.0,85.77921335791218,4.376339549505613,5.5,0.0,0.0,0.0,0.0,0.0,1,6,4,0,0,1
815,84,0.0,3.7426259999999996,11.629596,0.4696127661746029,0.8408506944444444,5.5200000000000005,1.3,4.0,2015-01-01,2017-03-25,793.2062486482495,865.5855731020674,8.2441460276026,1.0,7.2441460276026,0.0,0.0,396.148035429459,0.0,85.76669972437175,4.366384477239353,5.5,0.0,0.0,0.0,0.0,0.0,1,6,4,0,0,1
816,85,0.0,4.9646729999999994,16.205772,0.594279752332533,0.569435763888889,3.8050000000000006,1.3,1.0,2015-01-01,2017-03-26,793.7286541783503,866.0597679550283,8.242908635369513,1.0,7.242908635369513,0.0,0.0,396.5142691836286,0.0,85.75416298662208,4.3564455128879604,5.5,0.0,0.0,0.0,0.0,0.0,1,6,4,0,0,1
817,86,0.0,9.280839,18.762537,0.7791237257579612,0.5826909722222222,2.5454166666666667,1.3,1.0,2015-01-01,2017-03-27,794.2498073765013,866.5328093871262,8.24166899545786,1.0,7.241668995457861,0.0,0.0,396.87978809566494,0.0,85.74160347633835,4.346522665178421,5.5,0.0,0.0,0.0,0.0,0.0,1,6,4,0,0,1
818,87,0.0,11.464922999999999,19.386561,0.8681233185747671,0.3894444444444444,2.4000000000000004,1.3,5.0,2015-01-01,2017-03-28,794.769710782296,867.004699605618,8.240427140414248,1.0,7.240427140414248,0.0,0.0,397.24459269495696,0.0,85.72902152326914,4.33661594259204,5.5,0.0,0.0,0.0,0.0,0.0,1,6,4,0,0,1
819,88,0.0,10.31871225,19.681239,0.8402364278199123,0.8216493055555555,3.1429166666666664,1.3,1.0,2015-01-01,2017-03-29,795.2883669314009,867.475440817019,8.239183102592749,1.0,7.239183102592749,0.0,0.0,397.60868351509396,0.0,85.71641745521228,4.326725353359604,5.5,0.0,0.0,0.0,0.0,0.0,1,6,4,0,0,1
820,89,0.0,9.922197,20.521938000000002,0.8546831737949011,0.7598003472222222,3.21625,1.3,3.0,2015-01-01,2017-03-30,795.8057783555641,867.9450352270785,8.237936914161779,1.0,7.237936914161779,0.0,0.0,397.9720610938416,0.0,85.70379159808465,4.3168509054762,5.5,0.0,0.0,0.0,0.0,0.0,1,6,4,0,0,1
821,90,0.0,12.237730500000001,21.475308,0.967887155182892,0.4555815972222222,5.19375,1.3,5.0,2015-01-01,2017-03-31,796.3219475826282,868.4134850407563,8.236688607109363,1.0,7.236688607109363,0.0,0.0,398.334725973118,0.0,85.69114427597549,4.306992606711351,5.5,0.0,0.0,0.0,0.0,0.0,1,6,4,0,0,1
822,91,0.0,11.681598000000001,19.863246,0.8914275990688137,0.4850607638888888,13.885416666666666,1.3,5.0,2015-01-01,2017-04-01,796.8368771365401,868.8807924621997,8.23543821322707,1.0,7.23543821322707,0.0,0.0,398.69667869897114,0.0,85.6784758109836,4.297150464576558,5.5,0.0,0.0,0.0,0.0,0.0,1,6,4,0,0,1
823,92,0.0,8.352747749999999,17.783166,0.7233436147582742,0.7865711805555555,8.854166666666666,1.3,6.0,2015-01-01,2017-04-02,797.3505695373607,869.3469596947186,8.234185764128641,1.0,7.234185764128641,0.0,0.0,399.057919821553,0.0,85.66578652340604,4.287324486363447,5.5,0.0,0.0,0.0,0.0,0.0,1,6,4,0,0,1
824,93,0.0,4.98417375,10.814898,0.4779303214052579,1.0621440972222222,8.253333333333334,1.3,7.0,2015-01-01,2017-04-03,797.863027301276,869.8119889407635,8.232931291244688,1.0,7.232931291244688,0.0,0.0,399.41844989509747,0.0,85.65307673168464,4.277514679133149,5.5,0.0,0.0,0.0,0.0,0.0,1,6,4,0,0,1
825,94,0.0,4.713329999999999,13.276326,0.5226961615820187,1.270859375,4.800000000000001,1.3,2.0,2015-01-01,2017-04-04,798.3742529406085,870.2758824019022,8.231674825812712,1.0,7.231674825812712,0.0,0.0,399.7782694778963,0.0,85.6403467523046,4.267721049694812,5.5,0.0,0.0,0.0,0.0,0.0,1,6,4,0,0,1
826,95,0.0,5.094678,19.499232,0.6808511242997444,0.6609288194444445,4.800000000000001,1.3,0.0,2015-01-01,2017-04-05,798.8842489638238,870.7386422787954,8.230416398896526,1.0,7.230416398896526,0.0,0.0,400.13737913227396,0.0,85.62759689999135,4.257943604647167,5.5,0.0,0.0,0.0,0.0,0.0,1,6,4,0,0,1
827,96,0.0,8.578812,20.409267,0.8081247162854136,0.8828819444444445,4.800000000000001,1.3,0.0,2015-01-01,2017-04-06,799.3930178755437,871.2002707711756,8.229156041372823,1.0,7.229156041372823,0.0,0.0,400.4957794245653,0.0,85.61482748757464,4.248182350349644,5.5,0.0,0.0,0.0,0.0,0.0,1,6,4,0,0,1
828,97,0.0,11.412921,19.79391,0.8799990005894324,0.652951388888889,6.295,1.3,3.0,2015-01-01,2017-04-07,799.9005621765549,871.6607700778236,8.227893783934801,1.0,7.227893783934801,0.0,0.0,400.8534709250913,0.0,85.60203882602504,4.238437292930017,5.5,0.0,0.0,0.0,0.0,0.0,1,6,4,0,0,1
829,98,0.0,11.950275,22.619352,0.999644815647306,0.6291753472222222,7.680000000000001,1.3,4.0,2015-01-01,2017-04-08,800.4068843638167,872.1201423965458,8.226629657100407,1.0,7.226629657100407,0.0,0.0,401.2104542081347,0.0,85.58923122453749,4.228708438302211,5.5,0.0,0.0,0.0,0.0,0.0,1,6,4,0,0,1
830,99,0.0,15.105063000000001,19.932582,1.017379782794057,0.8116666666666666,5.5375,1.3,6.0,2015-01-01,2017-04-09,800.9119869304744,872.5783899241528,8.225363691200545,1.0,7.2253636912005454,0.0,0.0,401.56672985191716,0.0,85.57640499041202,4.218995792140965,5.5,0.0,0.0,0.0,0.0,0.0,1,6,4,0,0,1
831,100,0.0,15.096396000000002,24.04074,1.1849093667153283,0.9796961805555555,5.072916666666667,1.3,7.0,2015-01-01,2017-04-10,801.4158723658642,873.0355148564361,8.224095916389018,1.0,7.224095916389018,0.0,0.0,401.92229843857484,0.0,85.56356042915425,4.209299359902573,5.5,0.0,0.0,0.0,0.0,0.0,1,6,4,0,0,1
832,101,0.0,15.269735999999998,23.711394,1.178117068374745,0.7233854166666666,4.196666666666667,1.3,6.0,2015-01-01,2017-04-11,801.9185431555256,873.4915193881466,8.222826362644566,1.0,7.222826362644566,0.0,0.0,402.2771605541345,0.0,85.55069784449616,4.199619146830269,5.5,0.0,0.0,0.0,0.0,0.0,1,6,4,0,0,1
833,102,0.0,13.701008999999999,21.223965,1.013085211050845,0.4017361111111111,6.777916666666667,1.3,8.0,2015-01-01,2017-04-12,802.4200017812093,873.9464057129737,8.221555059760007,1.0,7.221555059760007,0.0,0.0,402.6313167884912,0.0,85.53781753828605,4.189955157929362,5.5,0.0,0.0,0.0,0.0,0.0,1,6,4,0,0,1
834,103,0.0,13.55367,23.971404,1.1163495496985585,1.2301041666666666,5.308333333333334,1.3,7.0,2015-01-01,2017-04-13,802.9202507208861,874.4001760235221,8.220282037352721,1.0,7.220282037352721,0.0,0.0,402.9847677353823,0.0,85.5249198105948,4.18030739799096,5.5,0.0,0.0,0.0,0.0,0.0,1,6,4,0,0,1
835,104,0.0,18.459192,25.990814999999998,1.4376887979669983,1.5979774305555554,5.50625,1.3,8.0,2015-01-01,2017-04-14,803.4192924487547,874.8528325112907,8.219007324865983,1.0,7.2190073248659825,0.0,0.0,403.3375139923653,0.0,85.51200495972924,4.170675871594019,5.5,0.0,0.0,0.0,0.0,0.0,1,6,4,0,0,1
836,105,0.0,15.721864500000002,20.452602,1.0616128082038434,0.9096180555555557,7.896249999999999,1.3,8.0,2015-01-01,2017-04-15,803.9171294352523,875.3043773666516,8.217730951565668,1.0,7.2177309515656685,0.0,0.0,403.68955616079376,0.0,85.49907328219899,4.161060583098567,5.5,0.0,0.0,0.0,0.0,0.0,1,6,4,0,0,1
837,106,0.0,13.35938475,21.735318,1.0195606851322672,0.8380121527777779,5.768750000000001,1.3,3.0,2015-01-01,2017-04-16,804.4137641470618,875.7548127788295,8.216452946537013,1.0,7.216452946537013,0.0,0.0,404.0408948457939,0.0,85.48612507268334,4.151461536638147,5.5,0.0,0.0,0.0,0.0,0.0,1,6,4,0,0,1
838,107,0.0,12.296955,23.590056,1.050271673932511,0.4521006944444445,7.92,1.3,0.0,2015-01-01,2017-04-17,804.9091990471204,876.2041409358792,8.215173338697532,1.0,7.215173338697532,0.0,0.0,404.39153065624004,0.0,85.47316062416242,4.141878736147829,5.5,0.0,0.0,0.0,0.0,0.0,1,6,4,0,0,1
839,108,0.0,16.188438,25.297455,1.2914001915827835,0.5546527777777778,7.92,1.3,1.0,2015-01-01,2017-04-18,805.4034365946283,876.6523640246658,8.213892156784334,1.0,7.213892156784334,0.0,0.0,404.741464204732,0.0,85.46018022778856,4.1323121853369145,5.5,0.0,0.0,0.0,0.0,0.0,1,6,4,0,0,1
840,109,0.0,12.972981,23.044035,1.0553875967354398,1.3819270833333333,4.23375,1.3,2.0,2015-01-01,2017-04-19,805.8964792450562,877.0994842308435,8.21260942936534,1.0,7.21260942936534,0.0,0.0,405.0906961075708,0.0,85.44718417299987,4.122761887712698,5.5,0.0,0.0,0.0,0.0,0.0,1,6,4,0,0,1
841,110,0.0,11.698932,23.676726,1.030359502341478,0.9134722222222222,4.74875,1.3,1.0,2015-01-01,2017-04-20,806.3883294501541,877.5455037388358,8.211325184832027,1.0,7.2113251848320274,0.0,0.0,405.43922698473585,0.0,85.43417274744694,4.113227846564679,5.5,0.0,0.0,0.0,0.0,0.0,1,6,4,0,0,1
842,111,0.0,14.593710000000002,24.378753,1.17774072106312,0.6387413194444445,6.48,1.3,0.0,2015-01-01,2017-04-21,806.8789896579589,877.9904247318143,8.210039451403139,1.0,7.210039451403139,0.0,0.0,405.7870574598604,0.0,85.42114623703011,4.103710064972596,5.5,0.0,0.0,0.0,0.0,0.0,1,6,4,0,0,1
843,112,0.0,14.845053,28.677585,1.3904361470351492,0.4509461805555556,6.48,1.3,0.0,2015-01-01,2017-04-22,807.3684623128014,878.4342493916783,8.208752257128832,1.0,7.2087522571288325,0.0,0.0,406.13418816020817,0.0,85.40810492594186,4.094208545815139,5.5,0.0,0.0,0.0,0.0,0.0,1,6,4,0,0,1
844,113,0.0,17.401818,28.252902,1.5011673621690091,1.7420833333333332,6.48,1.3,3.0,2015-01-01,2017-04-23,807.8567498553153,878.8769798990359,8.207463629885627,1.0,7.207463629885627,0.0,0.0,406.4806197166505,0.0,85.39504909661528,4.084723291759285,5.5,0.0,0.0,0.0,0.0,0.0,1,6,4,0,0,1
845,114,0.0,17.51810025,26.484834,1.4147363786184717,0.7989409722222222,7.615833333333334,1.3,6.0,2015-01-01,2017-04-24,808.3438547224441,879.3186184331826,8.206173597381811,1.0,7.206173597381811,0.0,0.0,406.8263527636422,0.0,85.38197902977919,4.075254305270427,5.5,0.0,0.0,0.0,0.0,0.0,1,6,4,0,0,1
846,115,0.0,11.25474825,24.621429,1.0498463307357189,0.9230381944444443,11.88125,1.3,4.0,2015-01-01,2017-04-25,808.8297793474486,879.7591671720829,8.204882187153919,1.0,7.204882187153919,0.0,0.0,407.17138793919844,0.0,85.3688950044221,4.065801588606987,5.5,0.0,0.0,0.0,0.0,0.0,1,6,4,0,0,1
847,116,0.0,9.982866000000001,19.62057,0.8275218363256516,1.4623263888888889,5.567916666666666,1.3,3.0,2015-01-01,2017-04-26,809.3145261599145,880.1986282923499,8.203589426566982,1.0,7.203589426566982,0.0,0.0,407.51572588487124,0.0,85.35579729779504,4.056365143818418,5.5,0.0,0.0,0.0,0.0,0.0,1,6,4,0,0,1
848,117,0.0,10.390215,20.981289,0.8855505959224266,0.840703125,4.891666666666666,1.3,6.0,2015-01-01,2017-04-27,809.7980975857586,880.6370039692251,8.20229534282692,1.0,7.20229534282692,0.0,0.0,407.8593672457252,0.0,85.34268618553695,4.046944972773311,5.5,0.0,0.0,0.0,0.0,0.0,1,6,4,0,0,1
849,118,0.0,14.463705000000001,23.070035999999998,1.1167086439106102,1.5304427083333332,6.088749999999999,1.3,5.0,2015-01-01,2017-04-28,810.2804960472384,881.0742963765615,8.200999962960372,1.0,7.200999962960372,0.0,0.0,408.20231267031585,0.0,85.32956194147033,4.037541077114784,5.5,0.0,0.0,0.0,0.0,0.0,1,6,4,0,0,1
850,119,0.0,15.642416999999998,23.044035,1.1653802222762062,1.6599131944444445,7.980416666666666,1.3,6.0,2015-01-01,2017-04-29,810.7617239629562,881.5105076868017,8.199703313835485,1.0,7.199703313835485,0.0,0.0,408.5445628106645,0.0,85.31642483781202,4.0281534583061225,5.5,0.0,0.0,0.0,0.0,0.0,1,6,4,0,0,1
851,120,0.0,16.526450999999998,24.612762,1.275173189157352,0.5783072916666667,2.9408333333333334,1.3,4.0,2015-01-01,2017-04-30,811.241783747868,881.9456400709605,8.198405422147731,1.0,7.198405422147731,0.0,0.0,408.88611832223626,0.0,85.30327514502925,4.018782117599004,5.5,0.0,0.0,0.0,0.0,0.0,1,6,4,0,0,1
852,121,0.0,16.725792,26.571504,1.3791615845395746,0.4781597222222222,2.64,1.3,5.0,2015-01-01,2017-05-01,811.7206778132888,882.3796956986055,8.197106314434555,1.0,7.197106314434555,0.0,0.0,409.2269798639154,0.0,85.29011313198828,4.009427056065377,5.5,0.0,0.0,0.0,0.0,0.0,1,6,4,0,0,1
853,122,0.0,16.665123,26.259492,1.3606907271119504,0.797751736111111,2.64,1.3,7.0,2015-01-01,2017-05-02,812.198408566902,882.812676737839,8.195806017058983,1.0,7.195806017058983,0.0,0.0,409.5671480979837,0.0,85.27693906578817,4.000088274562068,5.5,0.0,0.0,0.0,0.0,0.0,1,6,4,0,0,1
854,123,0.0,16.959801,23.43405,1.240888606861564,0.8394531249999999,5.026666666666667,1.3,3.0,2015-01-01,2017-05-03,812.6749784127626,883.2445853552781,8.194504556227232,1.0,7.194504556227232,0.0,0.0,409.90662369009567,0.0,85.26375321193933,3.9907657737681483,5.5,0.0,0.0,0.0,0.0,0.0,1,6,4,0,0,1
855,124,0.0,16.491783,22.411344,1.1747337337607389,0.9459722222222222,7.470000000000001,1.3,6.0,2015-01-01,2017-05-04,813.150389751306,883.6754237160378,8.193201957979987,1.0,7.193201957979987,0.0,0.0,410.24540730925617,0.0,85.25055583427503,3.9814595541666145,5.5,0.0,0.0,0.0,0.0,0.0,1,6,4,0,0,1
856,125,0.0,15.56946975,23.815398000000002,1.1957658115511312,0.82734375,9.704583333333334,1.3,5.0,2015-01-01,2017-05-05,813.6246449793543,884.1051939837123,8.191898248188783,1.0,7.191898248188783,0.0,0.0,410.58349962779744,0.0,85.23734719491478,3.972169616035379,5.5,0.0,0.0,0.0,0.0,0.0,1,6,4,0,0,1
857,126,0.0,15.538413000000002,23.269377,1.170610113773222,0.7156770833333334,5.803333333333334,1.3,5.0,2015-01-01,2017-05-06,814.0977464901213,884.5338983203555,8.190593452575978,1.0,7.190593452575978,0.0,0.0,410.9209013213547,0.0,85.22412755446666,3.962895959490718,5.5,0.0,0.0,0.0,0.0,0.0,1,6,4,0,0,1
858,127,0.0,17.133141000000002,25.271454,1.3352794236245595,0.6614670138888888,2.88,1.3,3.0,2015-01-01,2017-05-07,814.5696966732207,884.9615388864659,8.18928759668533,1.0,7.189287596685331,0.0,0.0,411.257613068845,0.0,85.21089717172934,3.9536385844244086,5.5,0.0,0.0,0.0,0.0,0.0,1,6,4,0,0,1
859,128,0.0,17.88717,26.90085,1.4552577810389853,0.9911545138888886,4.369583333333334,1.3,3.0,2015-01-01,2017-05-08,815.0404979146701,885.3881178409654,8.18798070591461,1.0,7.18798070591461,0.0,0.0,411.59363555244215,0.0,85.19765630402229,3.94439749057166,5.5,0.0,0.0,0.0,0.0,0.0,1,6,4,0,0,1
860,129,0.0,17.38809525,28.824924,1.5314070656494854,0.6114409722222222,6.0,1.3,0.0,2015-01-01,2017-05-09,815.5101525968987,885.8136373411842,8.186672805493574,1.0,7.186672805493574,0.0,0.0,411.928969457555,0.0,85.18440520696285,3.935172677465892,5.5,0.0,0.0,0.0,0.0,0.0,1,6,4,0,0,1
861,130,0.0,16.985802,28.920260999999996,1.5147158448628213,0.588046875,6.0,1.3,1.0,2015-01-01,2017-05-10,815.978663098753,886.2380995428423,8.185363920489504,1.0,7.185363920489504,0.0,0.0,412.2636154728044,0.0,85.17114413452215,3.9259641444489173,5.5,0.0,0.0,0.0,0.0,0.0,1,6,4,0,0,1
862,131,0.0,17.332482000000002,30.792333,1.6390304720928015,0.5299913194444444,6.0,1.3,1.0,2015-01-01,2017-05-11,816.4460317955015,886.6615066000315,8.18405407582034,1.0,7.18405407582034,0.0,0.0,412.5975742899989,0.0,85.15787333915827,3.9167718906991036,5.5,0.0,0.0,0.0,0.0,0.0,1,6,4,0,0,1
863,132,0.0,16.959801,29.214939,1.5293168338435716,0.8053559027777778,5.003333333333334,1.3,6.0,2015-01-01,2017-05-12,816.9122610588424,887.0838606651996,8.182743296236303,1.0,7.182743296236303,0.0,0.0,412.93084660411375,0.0,85.14459307163007,3.907595915192402,5.5,0.0,0.0,0.0,0.0,0.0,1,6,4,0,0,1
864,133,0.0,16.387779,28.044894,1.436792848398711,0.8200260416666666,6.120416666666667,1.3,2.0,2015-01-01,2017-05-13,817.3773532569079,887.5051638891321,8.18143160633489,1.0,7.18143160633489,0.0,0.0,413.2634331132666,0.0,85.131303581149,3.8984362167336792,5.5,0.0,0.0,0.0,0.0,0.0,1,6,4,0,0,1
865,134,0.0,16.578453,29.561619,1.527425946841789,0.4991493055555556,6.720000000000001,1.3,1.0,2015-01-01,2017-05-14,817.8413107542701,887.9254184209356,8.18011903055301,1.0,7.18011903055301,0.0,0.0,413.5953345186956,0.0,85.11800511529958,3.88929279393946,5.5,0.0,0.0,0.0,0.0,0.0,1,6,4,0,0,1
866,135,0.0,19.386561,29.769627,1.6997906116439148,0.4997743055555556,6.720000000000001,1.3,0.0,2015-01-01,2017-05-15,818.3041359119468,888.3446264080205,8.178805593174173,1.0,7.178805593174173,0.0,0.0,413.9265515247354,0.0,85.10469792011216,3.880165645253993,5.5,0.0,0.0,0.0,0.0,0.0,1,6,4,0,0,1
867,136,0.0,18.008508,30.610326,1.667893006127946,1.0174305555555554,6.720000000000001,1.3,0.0,2015-01-01,2017-05-16,818.7658310874067,888.7627899960855,8.177491318326263,1.0,7.177491318326263,0.0,0.0,414.25708483879555,0.0,85.0913822400402,3.8710547689431314,5.5,0.0,0.0,0.0,0.0,0.0,1,6,4,0,0,1
868,137,0.0,15.96381825,28.980929999999997,1.4634676146778571,1.5541666666666667,6.720000000000001,1.3,0.0,2015-01-01,2017-05-17,819.2263986345754,889.1799113291002,8.176176229979548,1.0,7.176176229979548,0.0,0.0,414.5869351713376,0.0,85.0780583179405,3.8619601630908034,5.5,0.0,0.0,0.0,0.0,0.0,1,6,4,0,0,1
869,138,0.0,15.737753999999999,29.67429,1.4881867507384683,0.6753472222222222,6.720000000000001,1.3,1.0,2015-01-01,2017-05-18,819.68584090384,889.5959925492887,8.174860351948883,1.0,7.174860351948883,0.0,0.0,414.91610323585206,0.0,85.06472639509508,3.8528818256027613,5.5,0.0,0.0,0.0,0.0,0.0,1,6,4,0,0,1
870,139,0.0,19.265223,31.919043,1.8250302238086944,0.6563454861111111,6.720000000000001,1.3,1.0,2015-01-01,2017-05-19,820.144160242054,890.0110357971128,8.173543707900816,1.0,7.173543707900816,0.0,0.0,415.24458974883544,0.0,85.05138671128348,3.843819754221987,5.5,0.0,0.0,0.0,0.0,0.0,1,6,4,0,0,1
871,140,0.0,22.567349999999998,33.028419,2.125591192000625,1.1910416666666666,6.720000000000001,1.3,2.0,2015-01-01,2017-05-20,820.6013589925437,890.4250432112574,8.172226321343473,1.0,7.172226321343473,0.0,0.0,415.57239542976873,0.0,85.03803950468014,3.8347739465067603,5.5,0.0,0.0,0.0,0.0,0.0,1,6,4,0,0,1
872,141,0.0,17.592492,30.185643,1.6190375722717614,1.5292708333333334,4.7995833333333335,1.3,2.0,2015-01-01,2017-05-21,821.0574394951125,890.8380169286133,8.170908215634382,1.0,7.170908215634382,0.0,0.0,415.8995210010942,0.0,85.0246850119337,3.8257443998469234,5.5,0.0,0.0,0.0,0.0,0.0,1,6,4,0,0,1
873,142,0.0,16.994469,28.053561,1.4688999012409358,1.0178038194444445,4.08,1.3,0.0,2015-01-01,2017-05-22,821.5124040860458,891.2499590842617,8.169589413977782,1.0,7.169589413977782,0.0,0.0,416.2259671881926,0.0,85.01132346813978,3.816731111457816,5.5,0.0,0.0,0.0,0.0,0.0,1,6,4,0,0,1
874,143,0.0,18.771204,30.020970000000002,1.678124925589353,0.5890364583333334,4.08,1.3,2.0,2015-01-01,2017-05-23,821.9662550981155,891.6608718114578,8.168269939427152,1.0,7.168269939427152,0.0,0.0,416.55173471936126,0.0,84.99795510686647,3.8077340783862854,5.5,0.0,0.0,0.0,0.0,0.0,1,6,4,0,0,1
875,144,0.0,20.438879250000003,31.477026000000002,1.8721481898720576,1.2701128472222225,4.08,1.3,1.0,2015-01-01,2017-05-24,822.4189948605857,892.0707572416163,8.166949814890382,1.0,7.166949814890382,0.0,0.0,416.8768243257913,0.0,84.98458016020699,3.798753297519974,5.5,0.0,0.0,0.0,0.0,0.0,1,6,4,0,0,1
876,145,0.0,19.499232,30.514989,1.7518290905210177,0.995095486111111,4.08,1.3,0.0,2015-01-01,2017-05-25,822.8706256992184,892.4796175042957,8.165629063115858,1.0,7.165629063115858,0.0,0.0,417.2012367415461,0.0,84.97119885863835,3.7897887655587454,5.5,0.0,0.0,0.0,0.0,0.0,1,6,4,0,0,1
877,146,0.0,20.105922,31.399023,1.8455531292173628,0.6167274305555556,4.08,1.3,0.0,2015-01-01,2017-05-26,823.3211499362751,892.8874547271819,8.164307706710108,1.0,7.164307706710108,0.0,0.0,417.52497270353774,0.0,84.95781143120037,3.7808404790512493,5.5,0.0,0.0,0.0,0.0,0.0,1,6,4,0,0,1
878,147,0.0,21.475308,32.690406,2.023754253453255,0.5313454861111111,4.08,1.3,0.0,2015-01-01,2017-05-27,823.7705698905245,893.2942710360744,8.162985768127735,1.0,7.162985768127735,0.0,0.0,417.8480329515055,0.0,84.94441810539365,3.771908434373774,5.5,0.0,0.0,0.0,0.0,0.0,1,6,4,0,0,1
879,148,0.0,20.8325055,32.759742,1.984127989641543,1.1693315972222222,4.08,1.3,2.0,2015-01-01,2017-05-28,824.218887877245,893.7000685548705,8.161663269677423,1.0,7.1616632696774225,0.0,0.0,418.1704182279936,0.0,84.93101910724043,3.7629926277419816,5.5,0.0,0.0,0.0,0.0,0.0,1,6,4,0,0,1
880,149,0.0,18.433191,30.896337,1.7101932047000576,1.716892361111111,4.08,1.3,0.0,2015-01-01,2017-05-29,824.6661062082312,894.1048494055503,8.160340233515374,1.0,7.160340233515374,0.0,0.0,418.492129278329,0.0,84.91761466121801,3.754093055197784,5.5,0.0,0.0,0.0,0.0,0.0,1,6,4,0,0,1
881,150,0.0,18.398523,32.5344,1.809084254185028,0.7921961805555555,4.08,1.3,0.0,2015-01-01,2017-05-30,825.1122271917956,894.5086157081621,8.159016681661264,1.0,7.159016681661264,0.0,0.0,418.8131668505988,0.0,84.90420499042051,3.74520971264173,5.5,0.0,0.0,0.0,0.0,0.0,1,6,4,0,0,1
882,151,0.0,20.383266,33.479103,2.0027081232525576,0.8055381944444444,4.08,1.3,0.0,2015-01-01,2017-05-31,825.5572531327766,894.9113695808082,8.157692635976778,1.0,7.157692635976778,0.0,0.0,419.1335316956295,0.0,84.89079031634127,3.7363425957883476,5.5,0.0,0.0,0.0,0.0,0.0,1,6,4,0,0,1
883,152,0.0,18.72859125,31.858373999999998,1.7873346338842917,1.5551128472222222,4.08,1.3,0.0,2015-01-01,2017-06-01,826.0011863325392,895.3131131396294,8.15636811818335,1.0,7.15636811818335,0.0,0.0,419.4532245669633,0.0,84.87737085905279,3.727491700202558,5.5,0.0,0.0,0.0,0.0,0.0,1,6,4,0,0,1
884,153,0.0,16.5307845,29.812962,1.5385642487244846,1.4827690972222225,4.08,1.3,0.0,2015-01-01,2017-06-02,826.4440290889804,895.7138484987909,8.155043149861198,1.0,7.155043149861198,0.0,0.0,419.77224622083685,0.0,84.86394683719674,3.7186570212978283,5.5,0.0,0.0,0.0,0.0,0.0,1,6,4,0,0,1
885,154,0.0,16.4267805,27.992892,1.4361212068253422,1.6669357638888889,4.08,1.3,0.0,2015-01-01,2017-06-03,826.8857836965351,896.1135777704683,8.153717752440356,1.0,7.153717752440356,0.0,0.0,420.0905974161601,0.0,84.85051846789318,3.7098385543173924,5.5,0.0,0.0,0.0,0.0,0.0,1,6,4,0,0,1
886,155,0.0,16.257774,30.991674,1.5889587213582157,0.6040364583333333,4.08,1.3,0.0,2015-01-01,2017-06-04,827.3264524461785,896.5123030648338,8.15239194720937,1.0,7.15239194720937,0.0,0.0,420.4082789144934,0.0,84.8370859668288,3.7010362943510264,5.5,0.0,0.0,0.0,0.0,0.0,1,6,4,0,0,1
887,156,0.0,18.996546000000002,33.4011,1.903749106345732,0.8232031249999999,4.08,1.3,0.0,2015-01-01,2017-06-05,827.7660376254296,896.9100264900408,8.151065755314981,1.0,7.151065755314981,0.0,0.0,420.7252914800259,0.0,84.82364954825339,3.692250236335447,5.5,0.0,0.0,0.0,0.0,0.0,1,6,4,0,0,1
888,157,0.0,20.74728,32.820411,1.9824463670025896,1.7935763888888887,4.08,1.3,0.0,2015-01-01,2017-06-06,828.2045415183572,897.3067501522114,8.149739197760844,1.0,7.149739197760844,0.0,0.0,421.0416358795541,0.0,84.81020942496713,3.6834803750504412,5.5,0.0,0.0,0.0,0.0,0.0,1,6,4,0,0,1
889,158,0.0,23.191374,34.337136,2.270308642695668,1.6663975694444444,4.08,1.3,0.0,2015-01-01,2017-06-07,828.6419664055819,897.7024761554221,8.148412295406677,1.0,7.148412295406677,0.0,0.0,421.3573128824602,0.0,84.79676580831202,3.6747267051174455,5.5,0.0,0.0,0.0,0.0,0.0,1,6,4,0,0,1
890,159,0.0,19.863246,35.628519000000004,2.1180371226316312,0.9345833333333332,4.08,1.3,0.0,2015-01-01,2017-06-08,829.0783145642808,898.0972066016895,8.147085068976633,1.0,7.147085068976633,0.0,0.0,421.6723232606895,0.0,84.7833189082564,3.6659892210167584,5.5,0.0,0.0,0.0,0.0,0.0,1,6,4,0,0,1
891,160,0.0,19.585901999999997,34.553811,2.0219427723997563,1.282543402777778,4.08,1.3,0.0,2015-01-01,2017-06-09,829.5135882681923,898.4909435909583,8.14575753904904,1.0,7.14575753904904,0.0,0.0,421.9866677887308,0.0,84.76986893329122,3.657267917064961,5.5,0.0,0.0,0.0,0.0,0.0,1,6,4,0,0,1
892,161,0.0,20.521938000000002,35.342508,2.1452146762377,0.7399045138888889,4.08,1.3,0.0,2015-01-01,2017-06-10,829.9477897876179,898.8836892210863,8.144429726062894,1.0,7.144429726062894,0.0,0.0,422.30034724359285,0.0,84.75641609049585,3.648562787429273,5.5,0.0,0.0,0.0,0.0,0.0,1,6,4,0,0,1
893,162,0.0,21.382137750000002,36.486552,2.2966492522918287,0.645373263888889,4.08,1.3,0.0,2015-01-01,2017-06-11,830.3809213894267,899.2754455878319,8.143101650320345,1.0,7.143101650320345,0.0,0.0,422.6133624047835,0.0,84.74296058556308,3.639873826131829,5.5,0.0,0.0,0.0,0.0,0.0,1,6,4,0,0,1
894,163,0.0,20.92062,34.259133000000006,2.095515154561649,1.3020052083333333,4.08,1.3,0.0,2015-01-01,2017-06-12,830.8129853370597,899.6662147848403,8.14177333198606,1.0,7.141773331986061,0.0,0.0,422.9257140542885,0.0,84.72950262279285,3.631201027048766,5.5,0.0,0.0,0.0,0.0,0.0,1,6,4,0,0,1
895,164,0.0,20.001918,34.779153,2.0670411264651603,1.4336631944444445,4.08,1.3,0.0,2015-01-01,2017-06-13,831.2439838905328,900.0559989036321,8.140444791080983,1.0,7.1404447910809825,0.0,0.0,423.2374029765507,0.0,84.71604240502899,3.622544383895761,5.5,0.0,0.0,0.0,0.0,0.0,1,6,4,0,0,1
896,165,0.0,20.062587,34.129128,2.025567149752339,1.1804340277777776,4.08,1.3,1.0,2015-01-01,2017-06-14,831.6739193064403,900.4448000335881,7.8020939677531596,1.0,6.8020939677531596,0.0,0.0,423.5484299584473,0.0,82.29129313649466,3.6139038902582437,5.5,0.0,0.0,0.0,0.0,0.0,1,6,4,0,0,1
897,166,0.0,22.890195749999997,36.113871,2.386499980297488,1.524435763888889,4.08,1.3,0.0,2015-01-01,2017-06-15,832.1027938379591,900.8326202619385,7.80066884254344,1.0,6.80066884254344,0.0,0.0,423.85879578926983,0.0,82.27664880121272,3.6052795395554567,5.5,0.0,0.0,0.0,0.0,0.0,1,6,4,0,0,1
898,167,0.0,21.504198,34.649148,2.1664912072787,0.9423177083333332,4.08,1.3,0.0,2015-01-01,2017-06-16,832.5306097348504,901.2194616737481,7.7992439219063,1.0,6.7992439219063,0.0,0.0,424.16850126070204,0.0,82.26200656808251,3.59667132508885,5.5,0.0,0.0,0.0,0.0,0.0,1,6,4,0,0,1
899,168,0.0,19.863246,32.569068,1.906041082359996,1.486232638888889,4.08,1.3,0.0,2015-01-01,2017-06-17,832.9573692434656,901.6053263519068,7.797819223828176,1.0,6.797819223828176,0.0,0.0,424.47754716680004,0.0,82.24736662192949,3.58807923998867,5.5,0.0,0.0,0.0,0.0,0.0,1,6,4,0,0,1
900,169,0.0,20.166591,33.435768,1.9848207840693537,0.799921875,4.08,1.3,0.0,2015-01-01,2017-06-18,833.3830746067474,901.9902163771135,7.796394766175472,1.0,6.796394766175472,0.0,0.0,424.7859343039696,0.0,82.23272914634572,3.579503277262136,5.5,0.0,0.0,0.0,0.0,0.0,1,6,4,0,0,1
901,170,0.0,23.590056,35.879862,2.424242522127721,0.639140625,4.08,1.3,0.0,2015-01-01,2017-06-19,833.8077280642344,902.3741338278667,7.794970566680182,1.0,6.794970566680182,0.0,0.0,425.09366347094635,0.0,82.21809432354199,3.5709434297605274,5.5,0.0,0.0,0.0,0.0,0.0,1,6,4,0,0,1
902,171,0.0,24.864105,36.200541,2.5574080473774368,0.7644357638888889,4.08,1.3,0.0,2015-01-01,2017-06-20,834.2313318520635,902.7570807804505,7.793546642953873,1.0,6.793546642953873,0.0,0.0,425.4007354687741,0.0,82.20346233449163,3.5623996902100865,5.5,0.0,0.0,0.0,0.0,0.0,1,6,4,0,0,1
903,172,0.0,21.78948675,35.628519000000004,2.2618089641089947,1.4510590277777777,4.08,1.3,0.0,2015-01-01,2017-06-21,834.6538882029745,903.1390593089238,7.792123012472968,1.0,6.792123012472968,0.0,0.0,425.70715110078464,0.0,82.18883335877935,3.5538720511796233,5.5,0.0,0.0,0.0,0.0,0.0,1,6,4,0,0,1
904,173,0.0,20.703945,33.877784999999996,2.052931058334196,1.4689409722222222,4.08,1.3,0.0,2015-01-01,2017-06-22,835.0753993463111,903.5200714851071,7.79069969259488,1.0,6.79069969259488,0.0,0.0,426.01291117257585,0.0,82.17420757476681,3.5453605051152826,5.5,0.0,0.0,0.0,0.0,0.0,1,6,4,0,0,1
905,174,0.0,18.306075,31.442358,1.735562697431321,1.7276475694444444,4.08,1.3,0.0,2015-01-01,2017-06-23,835.4958675080263,903.9001193785718,7.789276700546197,1.0,6.789276700546197,0.0,0.0,426.31801649199235,0.0,82.15958515947143,3.5368650443143808,5.5,0.0,0.0,0.0,0.0,0.0,1,6,4,0,0,1
906,175,0.0,18.259851,33.123756,1.8377641376045315,1.063967013888889,4.08,1.3,0.0,2015-01-01,2017-06-24,835.9152949106839,904.2792050566277,7.787854053428725,1.0,6.787854053428725,0.0,0.0,426.6224678691034,0.0,82.14496628862831,3.528385660938456,5.5,0.0,0.0,0.0,0.0,0.0,1,6,4,0,0,1
907,176,0.0,20.981289,33.92112,2.07567120236018,1.0777430555555556,4.08,1.3,1.0,2015-01-01,2017-06-25,836.3336837734618,904.6573305843108,7.786431768222715,1.0,6.786431768222715,0.0,0.0,426.92626611618266,0.0,82.13035113672355,3.519922347020179,5.5,0.0,0.0,0.0,0.0,0.0,1,6,4,0,0,1
908,177,0.0,21.605313,33.305763,2.076288836739775,0.9669270833333334,8.19125,1.3,1.0,2015-01-01,2017-06-26,836.7510363121554,905.0344980243735,7.785009861782469,1.0,6.785009861782469,0.0,0.0,427.22941204768813,0.0,82.11573987694898,3.5114750944528086,5.5,0.0,0.0,0.0,0.0,0.0,1,6,4,0,0,1
909,178,0.0,21.917324999999998,34.805154,2.2089446066599465,0.9965711805555555,12.0,1.3,0.0,2015-01-01,2017-06-27,837.1673547391808,905.4107094372721,7.78358835083616,1.0,6.78358835083616,0.0,0.0,427.5319064802411,0.0,82.10113268120034,3.5030438949900935,5.5,0.0,0.0,0.0,0.0,0.0,1,6,4,0,0,1
910,179,0.0,25.158783,37.023906000000004,2.654522912984544,1.0188802083333333,12.0,1.3,0.0,2015-01-01,2017-06-28,837.5826412635764,905.7859668811548,7.782167251995985,1.0,6.782167251995985,0.0,0.0,427.83375023260544,0.0,82.08652972018163,3.4946287402682428,5.5,0.0,0.0,0.0,0.0,0.0,1,6,4,0,0,1
911,180,0.0,22.194669,38.713971,2.5441060441418983,1.583654513888889,12.0,1.3,0.0,2015-01-01,2017-06-29,837.9968980910076,906.1602724118525,7.780746581741301,1.0,6.780746581741301,0.0,0.0,428.1349441256683,0.0,82.07193116323182,3.4862296217682456,5.5,0.0,0.0,0.0,0.0,0.0,1,6,4,0,0,1
912,181,0.0,21.161851499999997,36.547221,2.284256893689388,1.3283333333333334,12.0,1.3,0.0,2015-01-01,2017-06-30,838.4101274237673,906.5336280828653,7.779326356440221,1.0,6.779326356440221,0.0,0.0,428.43548898241767,0.0,82.05733717854679,3.477846530862948,5.5,0.0,0.0,0.0,0.0,0.0,1,6,4,0,0,1
913,182,0.0,21.119961,35.056497,2.168201247505828,1.3003819444444444,12.0,1.3,2.0,2015-01-01,2017-07-01,838.8223314607812,906.9060359453538,7.777906592332567,1.0,6.777906592332567,0.0,0.0,428.7353856279244,0.0,82.04274793300407,3.469479458779748,5.5,0.0,0.0,0.0,0.0,0.0,1,6,4,0,0,1
914,183,0.0,22.524015,34.449807,2.227922637246471,1.310277777777778,12.0,1.3,2.0,2015-01-01,2017-07-02,839.2335123976088,907.2774980481265,7.776487305543496,1.0,6.776487305543496,0.0,0.0,429.0346348893205,0.0,82.02816359230289,3.4611283966295208,5.5,0.0,0.0,0.0,0.0,0.0,1,6,4,0,0,1
915,184,0.0,24.318084,36.78123,2.560372253451487,1.0722916666666666,12.0,1.3,1.0,2015-01-01,2017-07-03,839.6436724264471,907.6480164376305,7.7750685120697485,1.0,6.7750685120697485,0.0,0.0,429.3332375957797,0.0,82.01358432082296,3.4527933353770286,5.5,0.0,0.0,0.0,0.0,0.0,1,6,4,0,0,1
916,185,0.0,24.552093,36.703227000000005,2.57374820920798,0.6970052083333333,12.0,1.3,0.0,2015-01-01,2017-07-04,840.0528137361317,908.0175931579395,7.773650227796983,1.0,6.773650227796983,0.0,0.0,429.63119457849655,0.0,81.9990102818025,3.4444742658779077,5.5,0.0,0.0,0.0,0.0,0.0,1,6,4,0,0,1
917,186,0.0,24.942107999999998,38.835309,2.798588747304695,0.8606163194444444,12.0,1.3,1.0,2015-01-01,2017-07-05,840.4609385121423,908.3862302507443,7.772232468485353,1.0,6.772232468485353,0.0,0.0,429.9285066706673,0.0,81.98444163719009,3.4361711788467564,5.5,0.0,0.0,0.0,0.0,0.0,1,6,4,0,0,1
918,187,0.0,24.136076999999997,37.275249,2.587184928057682,0.909184027777778,12.0,1.3,0.0,2015-01-01,2017-07-06,840.8680489366018,908.7539297553417,7.770815249782792,1.0,6.770815249782792,0.0,0.0,430.22517470746897,0.0,81.96987854778111,3.4278840648864284,5.5,0.0,0.0,0.0,0.0,0.0,1,6,4,0,0,1
919,188,0.0,23.009367,37.379253000000006,2.500199892052557,1.402421875,12.0,1.3,2.0,2015-01-01,2017-07-07,841.274147188282,909.1206937086249,7.769398587212768,1.0,6.769398587212768,0.0,0.0,430.52119952604073,0.0,81.95532117309197,3.4196129144602994,5.5,0.0,0.0,0.0,0.0,0.0,1,6,4,0,0,1
920,189,0.0,23.7850635,35.793192,2.433093968896564,1.2483854166666668,12.0,1.3,3.0,2015-01-01,2017-07-08,841.679235442604,909.4865241450725,7.767982496187468,1.0,6.767982496187468,0.0,0.0,430.8165819654623,0.0,81.94076967149562,3.4113577179209282,5.5,0.0,0.0,0.0,0.0,0.0,1,6,4,0,0,1
921,190,0.0,23.122038,36.616557,2.4462457445546293,0.8717361111111112,12.0,1.3,3.0,2015-01-01,2017-07-09,842.0833158716414,909.8514230967389,7.766566991998081,1.0,6.766566991998081,0.0,0.0,431.1113228667359,0.0,81.92622420012158,3.4031184654891216,5.5,0.0,0.0,0.0,0.0,0.0,1,6,4,0,0,1
922,191,0.0,24.823659,37.56126,2.672427304837369,1.0984895833333335,12.0,1.3,3.0,2015-01-01,2017-07-10,842.4863906441237,910.2153925932444,7.765152089820647,1.0,6.765152089820647,0.0,0.0,431.4054230727653,0.0,81.91168491491625,3.3948951472657614,5.5,0.0,0.0,0.0,0.0,0.0,1,6,4,0,0,1
923,192,0.0,21.831377249999996,35.619852,2.2643615035706093,1.4458593750000002,12.0,1.3,2.0,2015-01-01,2017-07-11,842.8884619254366,910.5784346617645,7.763737804719192,1.0,6.763737804719192,0.0,0.0,431.69888342833656,0.0,81.89715197067477,3.3866877532377138,5.5,0.0,0.0,0.0,0.0,0.0,1,6,4,0,0,1
924,193,0.0,19.9138035,32.751075,1.921478772921093,1.4377951388888885,8.3525,1.3,2.0,2015-01-01,2017-07-12,843.2895318776268,910.9405513270215,7.762324151635027,1.0,6.762324151635027,0.0,0.0,431.99170478009887,0.0,81.88262552093148,3.3784962732562622,5.5,0.0,0.0,0.0,0.0,0.0,1,6,4,0,0,1
925,194,0.0,19.750575,29.58762,1.71071479089207,0.9123003472222222,3.87875,1.3,3.0,2015-01-01,2017-07-13,843.6896026594023,911.3017446112731,7.760911145405097,1.0,6.760911145405097,0.0,0.0,432.283887976544,0.0,81.86810571814824,3.37032069707404,5.5,0.0,0.0,0.0,0.0,0.0,1,6,4,0,0,1
926,195,0.0,21.119961,31.555029,1.9221524444949007,0.7443489583333334,2.64,1.3,2.0,2015-01-01,2017-07-14,844.0886764261369,911.6620165343049,7.759498800741065,1.0,6.759498800741065,0.0,0.0,432.5754338679883,0.0,81.85359271349948,3.3621610143015133,5.5,0.0,0.0,0.0,0.0,0.0,1,6,4,0,0,1
927,196,0.0,23.226042,33.964455,2.244396878481558,0.6234461805555556,6.60125,1.3,1.0,2015-01-01,2017-07-15,844.4867553298698,912.0213691134186,7.758087132252084,1.0,6.758087132252084,0.0,0.0,432.86634330655147,0.0,81.83908665710625,3.3540172144546947,5.5,0.0,0.0,0.0,0.0,0.0,1,6,4,0,0,1
928,197,0.0,23.174039999999998,35.611185,2.3689471199762915,0.7694878472222223,10.56,1.3,1.0,2015-01-01,2017-07-16,844.8838415193103,912.3798043634245,7.756676154427581,1.0,6.756676154427581,0.0,0.0,433.15661714613907,0.0,81.82458769785937,3.3458892869182533,5.5,0.0,0.0,0.0,0.0,0.0,1,6,4,0,0,1
929,198,0.0,24.023405999999998,36.001200000000004,2.4698593788377927,0.684140625,10.56,1.3,1.0,2015-01-01,2017-07-17,845.2799371398396,912.7373242966314,7.755265881643645,1.0,6.755265881643645,0.0,0.0,433.446256242422,0.0,81.81009598348503,3.337777220958475,5.5,0.0,0.0,0.0,0.0,0.0,1,6,4,0,0,1
930,199,0.0,24.465423,35.715189,2.48282298145345,0.7131857638888889,10.56,1.3,0.0,2015-01-01,2017-07-18,845.6750443335109,913.093930922837,7.753856328172827,1.0,6.753856328172827,0.0,0.0,433.73526145281744,0.0,81.79561166064538,3.3296810057447086,5.5,0.0,0.0,0.0,0.0,0.0,1,6,4,0,0,1
931,200,0.0,24.231414,35.74119,2.4655512914195894,0.6724652777777778,10.56,1.3,0.0,2015-01-01,2017-07-19,846.0691652390553,913.4496262493203,7.752447508167548,1.0,6.752447508167548,0.0,0.0,434.02363363647066,0.0,81.78113487476826,3.3216006303127554,5.5,0.0,0.0,0.0,0.0,0.0,1,6,4,0,0,1
932,201,0.0,25.236786,36.43455,2.6097151178710325,0.7586631944444444,10.56,1.3,0.0,2015-01-01,2017-07-20,846.4623019918808,913.8044122808312,7.751039435673409,1.0,6.751039435673409,0.0,0.0,434.31137365423484,0.0,81.76666577018374,3.313536083593193,5.5,0.0,0.0,0.0,0.0,0.0,1,6,4,0,0,1
933,202,0.0,24.448089,37.777935,2.658350759112384,0.7543315972222222,10.56,1.3,0.0,2015-01-01,2017-07-21,846.8544567240758,914.1582910195818,7.749632124625406,1.0,6.749632124625406,0.0,0.0,434.59848236865236,0.0,81.75220449008542,3.3054873544036734,5.5,0.0,0.0,0.0,0.0,0.0,1,6,4,0,0,1
934,203,0.0,24.768767999999998,37.552593,2.6667889256925537,0.8336631944444445,10.56,1.3,0.0,2015-01-01,2017-07-22,847.2456315644108,914.5112644652384,7.748225588851955,1.0,6.748225588851955,0.0,0.0,434.8849606439361,0.0,81.73775117657165,3.2974544314562895,5.5,0.0,0.0,0.0,0.0,0.0,1,6,4,0,0,1
935,204,0.0,24.638763,36.425883000000006,2.5574080473774377,0.91390625,10.56,1.3,0.0,2015-01-01,2017-07-23,847.6358286383415,914.8633346149122,7.746819842066093,1.0,6.746819842066093,0.0,0.0,435.170809345951,0.0,81.72330597055517,3.2894373033388953,5.5,0.0,0.0,0.0,0.0,0.0,1,6,4,0,0,1
936,205,0.0,25.09594725,37.7346,2.712252076804804,1.0034895833333333,10.56,1.3,0.0,2015-01-01,2017-07-24,848.0250500680096,915.214503463151,7.745414897877956,1.0,6.745414897877956,0.0,0.0,435.456029342194,0.0,81.70886901189135,3.2814359585414894,5.5,0.0,0.0,0.0,0.0,0.0,1,6,4,0,0,1
937,206,0.0,23.685392999999998,37.049907000000005,2.5293966952703903,1.376310763888889,10.56,1.3,0.0,2015-01-01,2017-07-25,848.4132979722453,915.5647730019305,7.744010769786063,1.0,6.744010769786063,0.0,0.0,435.74062150177645,0.0,81.69444043928858,3.2734503854373775,5.5,0.0,0.0,0.0,0.0,0.0,1,6,4,0,0,1
938,207,0.0,23.44488375,37.708599,2.5650098107144514,0.9864930555555556,10.56,1.3,0.0,2015-01-01,2017-07-26,848.8005744665702,915.9141452206459,7.742607471184376,1.0,6.742607471184376,0.0,0.0,436.024586695405,0.0,81.68002039038088,3.2654805722972187,5.5,0.0,0.0,0.0,0.0,0.0,1,6,4,0,0,1
939,208,0.0,23.425382999999997,37.526592,2.547794991534196,0.790390625,10.56,1.3,1.0,2015-01-01,2017-07-27,849.1868816631971,916.2626221061037,7.741205015358297,1.0,6.741205015358297,0.0,0.0,436.3079257953629,0.0,81.66560900168662,3.2575265072814443,5.5,0.0,0.0,0.0,0.0,0.0,1,6,4,0,0,1
940,209,0.0,23.486051999999997,38.211285,2.6119774968949128,1.0731163194444444,10.56,1.3,0.0,2015-01-01,2017-07-28,849.5722216710351,916.6102056425138,7.73980341548575,1.0,6.73980341548575,0.0,0.0,436.5906396754919,0.0,81.65120640861993,3.2495881784410896,5.5,0.0,0.0,0.0,0.0,0.0,1,6,4,0,0,1
941,210,0.0,26.736176999999998,39.303327,3.014584190801954,0.844861111111111,10.56,1.3,0.0,2015-01-01,2017-07-29,849.9565965956883,916.956897811481,7.7384026846432326,1.0,6.7384026846432326,0.0,0.0,436.8727292111731,0.0,81.6368127455525,3.2416655737308853,5.5,0.0,0.0,0.0,0.0,0.0,1,6,4,0,0,1
942,211,0.0,25.836253499999998,37.049907000000005,2.7172581469137795,0.8078645833333334,10.56,1.3,3.0,2015-01-01,2017-07-30,850.340008539461,917.3027005919971,7.737002835794955,1.0,6.737002835794955,0.0,0.0,437.1541952793097,0.0,81.62242814570234,3.2337586809857872,5.5,0.0,0.0,0.0,0.0,0.0,1,6,4,0,0,1
943,212,0.0,24.283416,35.758524,2.4712968633746346,0.9793402777777778,10.56,1.3,1.0,2015-01-01,2017-07-31,850.7224596013566,917.6476159604326,7.735603881808597,1.0,6.735603881808597,0.0,0.0,437.435038758307,0.0,81.60805274129541,3.225867487954353,5.5,0.0,0.0,0.0,0.0,0.0,1,6,4,0,0,1
944,213,0.0,22.006884,35.290506,2.252563194422307,1.057699652777778,10.56,1.3,0.0,2015-01-01,2017-08-01,851.1039518770817,917.9916458905302,7.734205835440263,1.0,6.734205835440263,0.0,0.0,437.7152605280559,0.0,81.59368666341116,3.2179919822660406,5.5,0.0,0.0,0.0,0.0,0.0,1,6,4,0,0,1
945,214,0.0,21.674649,33.929787,2.12622175658664,0.9276302083333334,10.56,1.3,0.0,2015-01-01,2017-08-02,851.4844874590472,918.3347923533954,7.7328087093435816,1.0,6.7328087093435816,0.0,0.0,437.99486146991376,0.0,81.57933004207615,3.2101321514503676,5.5,0.0,0.0,0.0,0.0,0.0,1,6,4,0,0,1
946,215,0.0,22.272672,34.683816,2.226609261610815,0.691423611111111,10.56,1.3,0.0,2015-01-01,2017-08-03,851.864068436369,918.6770573174895,7.731412516075655,1.0,6.731412516075655,0.0,0.0,438.27384246668566,0.0,81.56498300632488,3.2022879829495956,5.5,0.0,0.0,0.0,0.0,0.0,1,6,4,0,0,1
947,216,0.0,23.590056,35.351175000000005,2.381448497510553,0.5807378472222222,10.56,1.3,0.0,2015-01-01,2017-08-04,852.2426968948728,919.0184427486226,7.73001726808375,1.0,6.73001726808375,0.0,0.0,438.55220440260825,0.0,81.55064568406326,3.1944594640896984,5.5,0.0,0.0,0.0,0.0,0.0,1,6,4,0,0,1
948,217,0.0,23.792285999999997,35.957865000000005,2.4471960066501697,0.7913194444444445,10.56,1.3,0.0,2015-01-01,2017-08-05,852.6203749170932,919.3589506099461,7.7286229777105575,1.0,6.7286229777105575,0.0,0.0,438.8299481633304,0.0,81.53631820212262,3.1866465820916225,5.5,0.0,0.0,0.0,0.0,0.0,1,6,4,0,0,1
949,218,0.0,22.966032,36.027201000000005,2.385628369909983,0.9943315972222222,10.56,1.3,0.0,2015-01-01,2017-08-06,852.9971045822756,919.6985828619436,7.727229657210591,1.0,6.727229657210591,0.0,0.0,439.1070746358946,0.0,81.52200068642817,3.1788493241052307,5.5,0.0,0.0,0.0,0.0,0.0,1,6,4,0,0,1
950,219,0.0,23.304045000000002,35.455179,2.366869122938513,0.5546354166666667,10.56,1.3,0.0,2015-01-01,2017-08-07,853.3728879663815,920.0373414624266,7.725837318719151,1.0,6.725837318719151,0.0,0.0,439.3835847087216,0.0,81.50769326168009,3.1710676771437702,5.5,0.0,0.0,0.0,0.0,0.0,1,6,4,0,0,1
951,220,0.0,23.373381,36.417215999999996,2.450524455132137,0.5767361111111111,10.56,1.3,0.0,2015-01-01,2017-08-08,853.7477271420847,920.3752283665244,7.724445974285096,1.0,6.724445974285096,0.0,0.0,439.6594792715897,0.0,81.49339605169045,3.163301628152652,5.5,0.0,0.0,0.0,0.0,0.0,1,6,4,0,0,1
952,221,0.0,23.096037,36.495219,2.4341580309360475,0.976640625,10.56,1.3,0.0,2015-01-01,2017-08-09,854.1216241787776,920.712245526679,7.723055635852231,1.0,6.723055635852231,0.0,0.0,439.9347592156191,0.0,81.47910917919151,3.1555511639696965,5.5,0.0,0.0,0.0,0.0,0.0,1,6,4,0,0,1
953,222,0.0,22.922697,34.259133000000006,2.2437358767362183,1.2679947916666665,10.56,1.3,1.0,2015-01-01,2017-08-10,854.4945811425716,921.0483948926374,7.721666315261006,1.0,6.721666315261006,0.0,0.0,440.20942543325407,0.0,81.46483276585379,3.147816271328759,5.5,0.0,0.0,0.0,0.0,0.0,1,6,4,0,0,1
954,223,0.0,22.252449,33.713112,2.152640650585448,0.8504600694444444,10.56,1.3,1.0,2015-01-01,2017-08-11,854.8666000962977,921.3836784114442,7.720278024257214,1.0,6.720278024257214,0.0,0.0,440.48347881824384,0.0,81.45056693237488,3.140096936877712,5.5,0.0,0.0,0.0,0.0,0.0,1,6,4,0,0,1
955,224,0.0,21.891323999999997,34.302468,2.1694845495759134,0.654296875,10.56,1.3,1.0,2015-01-01,2017-08-12,855.2376830995096,921.7180980274354,7.718890774491052,1.0,6.718890774491052,0.0,0.0,440.75692026562683,0.0,81.4363117984702,3.132393147175419,5.5,0.0,0.0,0.0,0.0,0.0,1,6,4,0,0,1
956,225,0.0,23.962736999999997,35.273171999999995,2.4052190230867363,0.896388888888889,7.237083333333334,1.3,1.0,2015-01-01,2017-08-13,855.6078322084858,922.0516556822322,7.717504577505806,1.0,6.717504577505806,0.0,0.0,441.02975067171303,0.0,81.42206748275655,3.1247048886688624,5.5,0.0,0.0,0.0,0.0,0.0,1,6,4,0,0,1
957,226,0.0,24.942107999999998,37.093242,2.6415440764499265,0.744982638888889,3.6,1.3,1.0,2015-01-01,2017-08-14,855.9770494762289,922.3843533147328,7.716119444753978,1.0,6.716119444753978,0.0,0.0,441.3019709340655,0.0,81.40783410291775,3.1170321477257925,5.5,0.0,0.0,0.0,0.0,0.0,1,6,4,0,0,1
958,227,0.0,23.31849,35.853861,2.400074646923746,0.8415711805555556,3.6,1.3,0.0,2015-01-01,2017-08-15,856.3453369524702,922.716192861107,7.714735387588447,1.0,6.714735387588447,0.0,0.0,441.573581951484,0.0,81.39361177561403,3.109374910616235,5.5,0.0,0.0,0.0,0.0,0.0,1,6,4,0,0,1
959,228,0.0,22.645353,35.845194,2.3454892600304644,1.0993663194444445,3.6,1.3,0.0,2015-01-01,2017-08-16,856.7126966836697,923.0471762547893,7.713352417265548,1.0,6.713352417265548,0.0,0.0,441.84458462398777,0.0,81.37940061651352,3.101733163518465,5.5,0.0,0.0,0.0,0.0,0.0,1,6,4,0,0,1
960,229,0.0,22.229336999999997,34.978494000000005,2.2457193909842967,0.9832899305555556,3.6,1.3,3.0,2015-01-01,2017-08-17,857.0791307130174,923.3773054264725,7.711970544947547,1.0,6.711970544947547,0.0,0.0,442.114979852798,0.0,81.36520074031763,3.094106892524288,5.5,0.0,0.0,0.0,0.0,0.0,1,6,4,0,0,1
961,230,0.0,23.0859255,36.668559,2.4475524377764275,1.064262152777778,3.6,1.3,1.0,2015-01-01,2017-08-18,857.4446410804367,923.7065823041019,7.710589781698451,1.0,6.710589781698451,0.0,0.0,442.38476854032103,0.0,81.3510122607182,3.086496083629439,5.5,0.0,0.0,0.0,0.0,0.0,1,6,4,0,0,1
962,231,0.0,22.65402,35.42917800000001,2.313395449444483,0.8383333333333334,3.6,1.3,0.0,2015-01-01,2017-08-19,857.8092298225845,924.0350088128682,7.709210138488478,1.0,6.709210138488478,0.0,0.0,442.65395159013144,0.0,81.33683529044323,3.078900722743103,5.5,0.0,0.0,0.0,0.0,0.0,1,6,4,0,0,1
963,232,0.0,23.182707,34.545144,2.285711788277571,0.9067361111111112,3.6,1.3,0.0,2015-01-01,2017-08-20,858.1728989728537,924.3625868752022,7.707831626192611,1.0,6.707831626192611,0.0,0.0,442.9225299069549,0.0,81.32266994124214,3.0713207956839703,5.5,0.0,0.0,0.0,0.0,0.0,1,6,4,0,0,1
964,233,0.0,25.375458,35.342508,2.527929839378328,1.1001388888888888,3.6,1.3,0.0,2015-01-01,2017-08-21,858.5356505613737,924.6893184107678,7.706454255590391,1.0,6.706454255590391,0.0,0.0,443.1905043966511,0.0,81.30851632388358,3.06375628818039,5.5,0.0,0.0,0.0,0.0,0.0,1,6,4,0,0,1
965,234,0.0,25.132782,35.74119,2.5411582337363128,1.0411892361111112,3.6,1.3,0.0,2015-01-01,2017-08-22,858.8974866150133,925.0152053364566,7.7050780373728225,1.0,6.7050780373728225,0.0,0.0,443.457875966197,0.0,81.29437454822646,3.0562071858839706,5.5,0.0,0.0,0.0,0.0,0.0,1,6,4,0,0,1
966,235,0.0,25.124115,36.642558,2.6180188516807275,1.0676909722222223,3.6,1.3,0.0,2015-01-01,2017-08-23,859.2584091573818,925.3402495663825,7.703702982133087,1.0,6.703702982133087,0.0,0.0,443.72464552367114,0.0,81.2802447231244,3.0486734743494397,5.5,0.0,0.0,0.0,0.0,0.0,1,6,4,0,0,1
967,236,0.0,24.430754999999998,36.599223,2.5544468280162813,0.896232638888889,3.6,1.3,0.0,2015-01-01,2017-08-24,859.6184202088307,925.6644530118749,7.702329100373079,1.0,6.702329100373079,0.0,0.0,443.9908139782357,0.0,81.26612695649304,3.041155139049285,5.5,0.0,0.0,0.0,0.0,0.0,1,6,4,0,0,1
968,237,0.0,22.238004,35.784525,2.308648399232316,0.8773524305555556,3.6,1.3,1.0,2015-01-01,2017-08-25,859.9775217864549,925.9878175814736,7.7009564025009665,1.0,6.7009564025009665,0.0,0.0,444.2563822401205,0.0,81.25202135528485,3.0336521653666804,5.5,0.0,0.0,0.0,0.0,0.0,1,6,4,0,0,1
969,238,0.0,20.933620500000004,33.002418,2.007801695554225,0.6701128472222222,3.6,1.3,0.0,2015-01-01,2017-08-26,860.3357159040946,926.3103451809225,7.6995848988346385,1.0,6.6995848988346385,0.0,0.0,444.5213512206061,0.0,81.23792802552467,3.026164538604029,5.5,0.0,0.0,0.0,0.0,0.0,1,6,4,0,0,1
970,239,0.0,20.22726,32.36106,1.916384798264356,0.9124826388888888,3.6,1.3,0.0,2015-01-01,2017-08-27,860.6930045723361,926.6320377131647,7.6982145996034985,1.0,6.6982145996034985,0.0,0.0,444.7857218320077,0.0,81.22384707232804,3.0186922439851673,5.5,0.0,0.0,0.0,0.0,0.0,1,6,4,0,0,1
971,240,0.0,20.755947,32.300391000000005,1.9477104084015533,1.345859375,3.6,1.3,0.0,2015-01-01,2017-08-28,861.0493897985154,926.9528970783367,7.696845514940556,1.0,6.696845514940556,0.0,0.0,445.04949498765905,0.0,81.20977859981998,3.011235266639307,5.5,0.0,0.0,0.0,0.0,0.0,1,6,4,0,0,1
972,241,0.0,21.87399,33.730446,2.12622175658664,0.9073958333333332,3.6,1.3,0.0,2015-01-01,2017-08-29,861.4048735867173,927.272925173763,7.695477654894388,1.0,6.695477654894388,0.0,0.0,445.31267160189543,0.0,81.19572271125787,3.0037935916253957,5.5,0.0,0.0,0.0,0.0,0.0,1,6,4,0,0,1
973,242,0.0,22.610685,36.443217,2.390512960649438,0.7874131944444445,3.6,1.3,0.0,2015-01-01,2017-08-30,861.7594579377785,927.5921238939511,7.694111029417721,1.0,6.694111029417721,0.0,0.0,445.57525259003813,0.0,81.18167950891419,2.9963672039079183,5.5,0.0,0.0,0.0,0.0,0.0,1,6,4,0,0,1
974,243,0.0,23.3892705,36.529887,2.461130352754354,0.7486111111111111,3.6,1.3,0.0,2015-01-01,2017-08-31,862.1131448492883,927.9104951305853,7.6927456483813925,1.0,6.6927456483813925,0.0,0.0,445.8372388683776,0.0,81.16764909421997,2.988956088385951,5.5,0.0,0.0,0.0,0.0,0.0,1,6,4,0,0,1
975,244,0.0,23.130705,36.035868,2.399607451789921,0.609357638888889,3.6,1.3,0.0,2015-01-01,2017-09-01,862.4659363155914,928.228040772523,7.6913815215579655,1.0,6.6913815215579655,0.0,0.0,446.0986313541581,0.0,81.15363156759622,2.981560229858579,5.5,0.0,0.0,0.0,0.0,0.0,1,6,4,0,0,1
976,245,0.0,23.347379999999998,34.978494000000005,2.3324687761763987,0.8389756944444444,3.6,1.3,0.0,2015-01-01,2017-09-02,862.8178343277871,928.5447627057874,7.6900186586416455,1.0,6.6900186586416455,0.0,0.0,446.3594309655607,0.0,81.13962702865904,2.9741796130660303,5.5,0.0,0.0,0.0,0.0,0.0,1,6,4,0,0,1
977,246,0.0,23.676726,35.879862,2.431321432054535,1.015954861111111,3.6,1.3,1.0,2015-01-01,2017-09-03,863.1688408737334,928.8606628135651,7.688657069232897,1.0,6.688657069232897,0.0,0.0,446.6196386216886,0.0,81.125635576061,2.9668142226574945,5.5,0.0,0.0,0.0,0.0,0.0,1,6,4,0,0,1
978,247,0.0,22.668465,35.290506,2.303684401635542,1.0669184027777776,3.6,1.3,0.0,2015-01-01,2017-09-04,863.5189579380472,929.1757429761992,7.687296762843698,1.0,6.687296762843698,0.0,0.0,446.87925524255036,0.0,81.11165730754557,2.959464043201677,5.5,0.0,0.0,0.0,0.0,0.0,1,6,4,0,0,1
979,248,0.0,22.30734,35.212503000000005,2.269640997065313,0.6868402777777778,3.6,1.3,0.0,2015-01-01,2017-09-05,863.8681875021051,929.4900050711849,7.685937748905121,1.0,6.685937748905121,0.0,0.0,447.1382817490438,0.0,81.09769232002473,2.9521290592023965,5.5,0.0,0.0,0.0,0.0,0.0,1,6,4,0,0,1
980,249,0.0,23.659392,35.74119,2.4185923208614777,0.8592274305555556,3.6,1.3,0.0,2015-01-01,2017-09-06,864.2165315440469,929.8034509731654,7.684580036754409,1.0,6.684580036754409,0.0,0.0,447.39671906294177,0.0,81.08374070944637,2.9448092550712213,5.5,0.0,0.0,0.0,0.0,0.0,1,6,4,0,0,1
981,250,0.0,23.902068,35.793192,2.442685122068108,0.7729253472222222,3.6,1.3,0.0,2015-01-01,2017-09-07,864.563992038775,930.1160825539259,7.683223635650275,1.0,6.683223635650275,0.0,0.0,447.6545681068745,0.0,81.06980257095142,2.9375046151589084,5.5,0.0,0.0,0.0,0.0,0.0,1,6,4,0,0,1
982,251,0.0,20.339931,34.415139,2.065195900454756,1.175685763888889,3.6,1.3,1.0,2015-01-01,2017-09-08,864.910570957958,930.4279016823905,7.681868554755993,1.0,6.681868554755993,0.0,0.0,447.9118298043158,0.0,81.05587799870001,2.930215123720344,5.5,0.0,0.0,0.0,0.0,0.0,1,6,4,0,0,1
983,252,0.0,19.923915,33.331764,1.9611878683408013,0.7078125,3.6,1.3,0.0,2015-01-01,2017-09-09,865.2562702700293,930.7389102246157,7.68051480316416,1.0,6.68051480316416,0.0,0.0,448.16850507956565,0.0,81.04196708612614,2.922940764965756,5.5,0.0,0.0,0.0,0.0,0.0,1,6,4,0,0,1
984,253,0.0,21.674649,34.822488,2.192049744774626,0.6377604166666667,3.6,1.3,0.0,2015-01-01,2017-09-10,865.6010919401923,931.0491100437882,7.6791623898679156,1.0,6.6791623898679156,0.0,0.0,448.4245948577374,0.0,81.02806992564165,2.915681522999463,5.5,0.0,0.0,0.0,0.0,0.0,1,6,4,0,0,1
985,254,0.0,22.61429625,35.281839000000005,2.2987859550980683,0.8664583333333334,3.6,1.3,1.0,2015-01-01,2017-09-11,865.9450379304187,931.3585030002184,7.677811323784112,1.0,6.677811323784112,0.0,0.0,448.68010006473946,0.0,81.01418660887458,2.9084373818696223,5.5,0.0,0.0,0.0,0.0,0.0,1,6,4,0,0,1
986,255,0.0,21.21313125,33.045753,2.030257022205261,0.7858072916666666,3.6,1.3,1.0,2015-01-01,2017-09-12,866.288110199451,931.6670909513368,7.67646161374614,1.0,6.67646161374614,0.0,0.0,448.9350216272617,0.0,81.00031722659529,2.901208325551267,5.5,0.0,0.0,0.0,0.0,0.0,1,6,4,0,0,1
987,256,0.0,20.790615,33.349098000000005,2.0219427723997563,0.665407986111111,3.6,1.3,0.0,2015-01-01,2017-09-13,866.630310702805,931.9748757516902,7.675113268500686,1.0,6.675113268500686,0.0,0.0,449.18936047276,0.0,80.98646186868316,2.8939943379407183,5.5,0.0,0.0,0.0,0.0,0.0,1,6,4,0,0,1
988,257,0.0,20.348598000000003,33.453102,1.9985218830730336,0.7987847222222223,3.6,1.3,0.0,2015-01-01,2017-09-14,866.9716413927699,932.2818592529368,7.673766296717245,1.0,6.673766296717245,0.0,0.0,449.44311752944077,0.0,80.97262062422445,2.8867954028738882,5.5,0.0,0.0,0.0,0.0,0.0,1,6,4,0,0,1
989,258,0.0,19.455897,32.387061,1.8674031783604648,0.5314496527777778,3.6,1.3,0.0,2015-01-01,2017-09-15,867.3121042184109,932.5880433038428,7.672420706972526,1.0,6.672420706972526,0.0,0.0,449.6962937262465,0.0,80.95879358135186,2.879611504093895,5.5,0.0,0.0,0.0,0.0,0.0,1,6,4,0,0,1
990,259,0.0,17.961561749999998,33.591774,1.8486674814408293,0.927578125,3.6,1.3,0.0,2015-01-01,2017-09-16,867.651701125569,932.8934297502769,7.671076507774103,1.0,6.671076507774103,0.0,0.0,449.9488899928391,0.0,80.9449808274877,2.872442625300682,5.5,0.0,0.0,0.0,0.0,0.0,1,6,4,0,0,1
991,260,0.0,17.653161,30.948339,1.6668728184260513,0.9355381944444444,3.6,1.3,0.0,2015-01-01,2017-09-17,867.9904340568646,933.198020435208,7.669733707538673,1.0,6.669733707538673,0.0,0.0,450.2009072595871,0.0,80.93118244912056,2.8652887501045257,5.5,0.0,0.0,0.0,0.0,0.0,1,6,4,0,0,1
992,261,0.0,16.855797,30.159642,1.5758018462404153,0.5181163194444445,3.6,1.3,0.0,2015-01-01,2017-09-18,868.3283049516972,933.5018171987001,7.6683923146075434,1.0,6.6683923146075434,0.0,0.0,450.4523464575491,0.0,80.91739853196414,2.858149862058657,5.5,0.0,0.0,0.0,0.0,0.0,1,6,4,0,0,1
993,262,0.0,16.838463,31.40769,1.646078775653909,0.649453125,3.6,1.3,0.0,2015-01-01,2017-09-19,868.6653157462483,933.8048218779093,7.66705233723595,1.0,6.66705233723595,0.0,0.0,450.70320851846003,0.0,80.90362916084784,2.851025944635855,5.5,0.0,0.0,0.0,0.0,0.0,1,6,4,0,0,1
994,263,0.0,17.341149,32.465064000000005,1.739087603766044,0.7126215277777778,3.6,1.3,0.0,2015-01-01,2017-09-20,869.0014683734814,934.1070363070785,7.665713783608158,1.0,6.665713783608158,0.0,0.0,450.95349437471515,0.0,80.88987441987172,2.8439169812610294,5.5,0.0,0.0,0.0,0.0,0.0,1,6,4,0,0,1
995,264,0.0,16.647789,32.213721,1.6822330222742206,0.8443229166666666,3.6,1.3,0.0,2015-01-01,2017-09-21,869.3367647631455,934.4084623175361,7.664376661814932,1.0,6.664376661814932,0.0,0.0,451.2032049593573,0.0,80.87613439217502,2.836822955262651,5.5,0.0,0.0,0.0,0.0,0.0,1,6,4,0,0,1
996,265,0.0,17.687829,31.92771,1.7274790838879006,0.8468315972222222,3.6,1.3,0.0,2015-01-01,2017-09-22,869.6712068417731,934.7091017376897,7.663040979883115,1.0,6.663040979883115,0.0,0.0,451.45234120605994,0.0,80.86240916024019,2.8297438499343253,5.5,0.0,0.0,0.0,0.0,0.0,1,6,4,0,0,1
997,266,0.0,20.695278,32.950416000000004,1.9877922936104733,0.9938194444444444,3.6,1.3,0.0,2015-01-01,2017-09-23,870.004796532686,935.0089563930244,7.661706745748002,1.0,6.661706745748002,0.0,0.0,451.70090404911446,0.0,80.84869880560893,2.822679648477775,5.5,0.0,0.0,0.0,0.0,0.0,1,6,4,0,0,1
998,267,0.0,20.435268,32.508399,1.940128514691117,1.398237847222222,3.6,1.3,0.0,2015-01-01,2017-09-24,870.3375357559929,935.3080281060982,7.660373967275109,1.0,6.660373967275109,0.0,0.0,451.9488944234147,0.0,80.8350034091059,2.815630334047457,5.5,0.0,0.0,0.0,0.0,0.0,1,6,4,0,0,1
999,268,0.0,18.34579875,31.087010999999997,1.7164178180434329,0.9477430555555555,3.6,1.3,1.0,2015-01-01,2017-09-25,870.6694264285945,935.6063186965393,7.6590426522473205,1.0,6.6590426522473205,0.0,0.0,452.1963132644431,0.0,80.82132305070662,2.8085958897223793,5.5,0.0,0.0,0.0,0.0,0.0,1,6,4,0,0,1
1000,269,0.0,16.665123,29.483616,1.5278984768381727,0.8402604166666668,3.6,1.3,1.0,2015-01-01,2017-09-26,871.0004704641811,935.9038299810422,7.657712808373554,1.0,6.657712808373554,0.0,0.0,452.443161508256,0.0,80.80765780962655,2.8015762985258137,5.5,0.0,0.0,0.0,0.0,0.0,1,6,4,0,0,1
